                  赣锋锂业 (002460)
      时间	    开盘	    最高	    最低	    收盘	         成交量	   MA.MA1   	   MA.MA2   	   MA.MA3   	   MA.MA4   	VOL-TDX.VVOL  	VOL-TDX.      	VOL-TDX.VOLUME	VOL-TDX.MAVOL1	VOL-TDX.MAVOL2	 MACD.DIF   	 MACD.DEA   	 MACD.MACD  	
 2015/06/01	   15.38	   15.98	   14.91	   15.85	       45443888	           	           	           	           	           	       0.00	  454438.88	           	           	       0.00	       0.00	       0.00	
 2015/06/02	   15.83	   17.02	   15.58	   16.35	       31573064	           	           	           	           	           	       0.00	  315730.63	           	           	       0.04	       0.01	       0.06	
 2015/06/03	   16.03	   16.91	   15.69	   16.08	       26875800	           	           	           	           	           	       0.00	  268758.00	           	           	       0.05	       0.02	       0.07	
 2015/06/04	   16.13	   17.70	   15.01	   17.70	       35290244	           	           	           	           	           	       0.00	  352902.44	           	           	       0.19	       0.05	       0.27	
 2015/06/05	   18.43	   19.27	   17.87	   17.90	       41886396	      16.78	           	           	           	           	       0.00	  418863.97	  362138.78	           	       0.31	       0.10	       0.41	
 2015/06/08	   17.93	   18.11	   16.58	   17.01	       30074186	      17.01	           	           	           	           	       0.00	  300741.88	  331399.38	           	       0.33	       0.15	       0.36	
 2015/06/09	   16.68	   17.84	   16.58	   17.17	       18726592	      17.17	           	           	           	           	       0.00	  187265.92	  305706.44	           	       0.35	       0.19	       0.33	
 2015/06/10	   16.93	   17.64	   16.69	   17.23	       17637292	      17.40	           	           	           	           	       0.00	  176372.92	  287229.41	           	       0.37	       0.22	       0.29	
 2015/06/11	   16.99	   17.92	   16.78	   17.48	       19305044	      17.36	           	           	           	           	       0.00	  193050.44	  255259.00	           	       0.40	       0.26	       0.28	
 2015/06/12	   17.63	   18.40	   17.30	   17.73	       21665864	      17.32	      17.05	           	           	           	       0.00	  216658.64	  214817.97	  288478.38	       0.44	       0.30	       0.29	
 2015/06/15	   17.68	   18.01	   16.30	   16.53	       21708416	      17.23	      17.12	           	           	           	       0.00	  217084.16	  198086.41	  264742.88	       0.37	       0.31	       0.12	
 2015/06/16	   16.24	   16.40	   15.20	   15.43	       18736704	      16.88	      17.03	           	           	           	       0.00	  187367.05	  198106.66	  251906.55	       0.23	       0.29	      -0.14	
 2015/06/17	   15.45	   16.93	   15.01	   16.93	       15446057	      16.82	      17.11	           	           	           	       0.00	  154460.56	  193724.20	  240476.80	       0.23	       0.28	      -0.11	
 2015/06/18	   16.44	   16.77	   15.49	   15.73	       14359588	      16.47	      16.91	           	           	           	       0.00	  143595.88	  183833.25	  219546.13	       0.13	       0.25	      -0.24	
 2015/06/19	   15.23	   15.92	   14.15	   14.50	       14420876	      15.82	      16.57	           	           	           	       0.00	  144208.77	  169343.25	  192080.61	      -0.04	       0.19	      -0.47	
 2015/06/23	   14.59	   15.08	   13.44	   15.04	       12550041	      15.53	      16.38	           	           	           	       0.00	  125500.41	  151026.55	  174556.47	      -0.14	       0.13	      -0.53	
 2015/06/24	   15.20	   15.68	   14.89	   15.25	       16194680	      15.49	      16.19	           	           	           	       0.00	  161946.80	  145942.45	  172024.55	      -0.19	       0.06	      -0.51	
 2015/06/25	   15.25	   15.33	   13.98	   14.26	       14379432	      14.96	      15.89	           	           	           	       0.00	  143794.31	  143809.20	  168766.70	      -0.31	      -0.01	      -0.60	
 2015/06/26	   13.93	   13.93	   12.82	   12.82	       14074976	      14.37	      15.42	           	           	           	       0.00	  140749.77	  143240.05	  163536.66	      -0.52	      -0.11	      -0.81	
 2015/06/29	   13.27	   13.27	   11.53	   11.53	       17481672	      13.78	      14.80	      15.93	           	           	       0.00	  174816.72	  149361.59	  159352.42	      -0.78	      -0.25	      -1.06	
 2015/06/30	   10.69	   12.12	   10.37	   12.03	       24289420	      13.18	      14.35	      15.73	           	           	       0.00	  242894.20	  172840.41	  161933.47	      -0.93	      -0.38	      -1.09	
 2015/07/01	   11.88	   12.20	   10.82	   10.82	       18881032	      12.29	      13.89	      15.46	           	           	       0.00	  188810.31	  178213.05	  162077.75	      -1.13	      -0.53	      -1.20	
 2015/07/02	   10.75	   10.75	    9.73	    9.73	       21609970	      11.39	      13.17	      15.14	           	           	       0.00	  216099.70	  192674.20	  168241.70	      -1.37	      -0.70	      -1.34	
 2015/07/03	    9.11	    9.87	    8.75	    8.75	       20900028	      10.57	      12.47	      14.69	           	           	       0.00	  209000.28	  206324.20	  174782.13	      -1.62	      -0.88	      -1.47	
 2015/07/06	    9.63	    9.63	    7.87	    7.87	       28437964	       9.84	      11.81	      14.19	           	           	       0.00	  284379.63	  228236.80	  188799.20	      -1.86	      -1.08	      -1.57	
 2015/07/20	    8.66	    8.66	    8.66	    8.66	         390313	       9.17	      11.17	      13.77	           	           	       0.00	    3903.13	  180438.59	  176639.50	      -1.97	      -1.26	      -1.43	
 2015/07/21	    9.54	    9.54	    9.54	    9.54	         403183	       8.91	      10.60	      13.39	           	           	       0.00	    4031.83	  143482.91	  160847.97	      -1.96	      -1.40	      -1.13	
 2015/07/22	   10.50	   10.50	   10.50	   10.50	        2552448	       9.06	      10.23	      13.06	           	           	       0.00	   25524.48	  105367.80	  149021.00	      -1.86	      -1.49	      -0.73	
 2015/07/23	   11.54	   11.55	   11.23	   11.55	       30042284	       9.62	      10.10	      12.76	           	           	       0.00	  300422.84	  123652.40	  164988.30	      -1.67	      -1.53	      -0.29	
 2015/07/24	   11.83	   12.12	   11.43	   11.55	       54606276	      10.36	      10.10	      12.45	           	           	       0.00	  546062.75	  175989.09	  202112.95	      -1.50	      -1.52	       0.04	
 2015/07/27	   11.33	   11.77	   10.39	   10.39	       32430592	      10.71	       9.94	      12.14	           	           	       0.00	  324305.91	  240069.50	  210254.05	      -1.45	      -1.51	       0.12	
 2015/07/28	    9.86	   10.73	    9.38	   10.01	       25588384	      10.80	       9.86	      11.87	           	           	       0.00	  255883.84	  290440.00	  216961.45	      -1.42	      -1.49	       0.14	
 2015/07/29	   10.28	   10.70	    9.80	   10.66	       21710038	      10.83	       9.95	      11.56	           	           	       0.00	  217100.38	  328755.19	  217061.50	      -1.33	      -1.46	       0.26	
 2015/07/30	   10.62	   11.18	   10.15	   10.37	       25663848	      10.60	      10.11	      11.29	           	           	       0.00	  256638.48	  319998.31	  221825.34	      -1.27	      -1.42	       0.31	
 2015/07/31	   10.28	   10.85	    9.93	   10.29	       21189680	      10.34	      10.35	      11.08	           	           	       0.00	  211896.80	  253165.00	  214577.05	      -1.21	      -1.38	       0.34	
 2015/08/03	   10.08	   10.12	    9.26	    9.34	       19415844	      10.13	      10.42	      10.80	           	           	       0.00	  194158.44	  227135.59	  233602.55	      -1.23	      -1.35	       0.24	
 2015/08/04	    9.38	   10.28	    9.38	   10.28	       22395492	      10.19	      10.49	      10.55	           	           	       0.00	  223954.92	  220749.80	  255594.91	      -1.15	      -1.31	       0.31	
 2015/08/05	   10.26	   11.08	   10.18	   10.63	       32095084	      10.18	      10.51	      10.37	           	           	       0.00	  320950.84	  241519.91	  285137.56	      -1.05	      -1.26	       0.41	
 2015/08/06	   10.43	   11.70	   10.28	   11.70	       26878016	      10.45	      10.52	      10.31	           	           	       0.00	  268780.16	  243948.20	  281973.25	      -0.87	      -1.18	       0.61	
 2015/08/07	   12.43	   12.85	   11.99	   12.40	       51778180	      10.87	      10.61	      10.35	           	           	       0.00	  517781.81	  305125.31	  279145.16	      -0.67	      -1.08	       0.81	
 2015/08/10	   12.40	   13.42	   12.09	   13.04	       46376748	      11.61	      10.87	      10.40	           	           	       0.00	  463767.47	  359047.00	  293091.31	      -0.45	      -0.95	       1.00	
 2015/08/11	   12.93	   14.35	   12.87	   14.00	       57806528	      12.35	      11.27	      10.56	           	           	       0.00	  578065.25	  429869.19	  325309.50	      -0.20	      -0.80	       1.21	
 2015/08/12	   13.93	   14.16	   13.36	   13.50	       39882040	      12.93	      11.56	      10.75	           	           	       0.00	  398820.41	  445443.00	  343481.44	      -0.04	      -0.65	       1.22	
 2015/08/13	   13.43	   14.28	   13.32	   14.11	       38492940	      13.41	      11.93	      11.02	           	           	       0.00	  384929.41	  468672.81	  356310.50	       0.14	      -0.49	       1.26	
 2015/08/14	   14.17	   14.27	   13.37	   13.56	       28333450	      13.64	      12.26	      11.30	           	           	       0.00	  283334.50	  421783.41	  363454.34	       0.23	      -0.35	       1.15	
 2015/08/17	   13.27	   14.36	   13.13	   13.85	       26587272	      13.80	      12.71	      11.56	           	           	       0.00	  265872.72	  382204.59	  370625.81	       0.32	      -0.22	       1.07	
 2015/08/18	   13.63	   13.78	   12.46	   12.46	       28812376	      13.50	      12.93	      11.71	           	           	       0.00	  288123.75	  324216.00	  377042.59	       0.28	      -0.12	       0.79	
 2015/08/19	   11.92	   12.87	   11.20	   12.72	       28829506	      13.34	      13.13	      11.82	           	           	       0.00	  288295.06	  302111.00	  373777.00	       0.26	      -0.04	       0.61	
 2015/08/20	   12.41	   12.60	   11.58	   11.58	       18558960	      12.83	      13.12	      11.82	           	           	       0.00	  185589.59	  262243.19	  365458.00	       0.16	      -0.00	       0.31	
 2015/08/21	   11.26	   11.57	   10.44	   10.62	       23725896	      12.25	      12.94	      11.78	           	           	       0.00	  237258.95	  253028.00	  337405.69	      -0.01	      -0.00	      -0.01	
 2015/08/24	   10.37	   10.37	    9.55	    9.55	       17054840	      11.39	      12.60	      11.73	           	           	       0.00	  170548.41	  233963.00	  308083.81	      -0.22	      -0.05	      -0.34	
 2015/08/25	    8.59	    9.07	    8.59	    8.59	       20879492	      10.61	      12.05	      11.66	           	           	       0.00	  208794.92	  218097.41	  271156.69	      -0.46	      -0.13	      -0.66	
 2015/08/26	    8.65	    9.40	    8.28	    8.73	       34338324	       9.81	      11.58	      11.57	           	           	       0.00	  343383.25	  229115.20	  265613.09	      -0.63	      -0.23	      -0.80	
 2015/08/27	    9.23	    9.61	    9.12	    9.61	       44028272	       9.42	      11.13	      11.53	           	           	       0.00	  440282.72	  280053.59	  271148.41	      -0.69	      -0.32	      -0.73	
 2015/08/28	   10.22	   10.48	    9.80	   10.37	       48082752	       9.37	      10.81	      11.53	           	           	       0.00	  480827.53	  328767.41	  290897.69	      -0.66	      -0.39	      -0.55	
 2015/08/31	    9.96	   10.77	    9.82	   10.15	       37113816	       9.49	      10.44	      11.57	           	           	       0.00	  371138.16	  368885.41	  301424.19	      -0.65	      -0.44	      -0.43	
 2015/09/01	    9.83	    9.92	    9.13	    9.13	       24759402	       9.60	      10.10	      11.51	           	           	       0.00	  247594.02	  376645.19	  297371.31	      -0.72	      -0.50	      -0.45	
 2015/09/02	    8.43	    9.82	    8.42	    8.90	       27748314	       9.63	       9.72	      11.43	           	           	       0.00	  277483.13	  363465.00	  296290.09	      -0.78	      -0.56	      -0.46	
 2015/09/07	    9.08	    9.80	    8.87	    9.11	       27528424	       9.53	       9.48	      11.30	           	           	       0.00	  275284.25	  330465.41	  305259.50	      -0.81	      -0.61	      -0.40	
 2015/09/08	    9.12	   10.03	    8.94	   10.03	       26969172	       9.46	       9.42	      11.18	      12.49	           	       0.00	  269691.72	  288238.19	  308502.81	      -0.74	      -0.63	      -0.22	
 2015/09/09	   10.33	   11.04	   10.33	   11.04	       45374784	       9.64	       9.57	      11.08	      12.41	           	       0.00	  453747.84	  304760.19	  336822.81	      -0.60	      -0.63	       0.05	
 2015/09/10	   10.63	   11.37	   10.43	   10.60	       37821784	       9.94	       9.77	      10.91	      12.31	           	       0.00	  378217.84	  330885.00	  353765.09	      -0.52	      -0.61	       0.17	
 2015/09/11	   10.75	   11.17	   10.53	   11.00	       29872504	      10.36	       9.99	      10.79	      12.23	           	       0.00	  298725.03	  335133.19	  349299.09	      -0.42	      -0.57	       0.30	
 2015/09/14	   11.06	   11.17	    9.90	    9.90	       27714648	      10.51	      10.02	      10.57	      12.10	           	       0.00	  277146.47	  335506.00	  332985.69	      -0.43	      -0.54	       0.23	
 2015/09/15	    9.50	    9.68	    8.90	    8.90	       28173648	      10.29	       9.88	      10.34	      11.95	           	       0.00	  281736.47	  337914.81	  313076.50	      -0.50	      -0.53	       0.06	
 2015/09/16	    9.18	    9.80	    9.06	    9.80	       32663882	      10.04	       9.84	      10.14	      11.83	           	       0.00	  326638.81	  312492.81	  308626.50	      -0.49	      -0.52	       0.07	
 2015/09/17	   10.68	   10.79	   10.52	   10.79	       20599260	      10.08	      10.01	      10.06	      11.72	           	       0.00	  205992.59	  278048.00	  304466.50	      -0.39	      -0.50	       0.22	
 2015/09/18	   11.24	   11.88	   11.08	   11.53	       74074576	      10.18	      10.27	      10.00	      11.62	           	       0.00	  740745.75	  366452.00	  350792.59	      -0.25	      -0.45	       0.40	
 2015/09/21	   11.12	   12.58	   11.08	   12.48	       64948740	      10.70	      10.61	      10.04	      11.54	           	       0.00	  649487.38	  440920.00	  388213.00	      -0.06	      -0.37	       0.62	
 2015/09/22	   12.28	   12.53	   11.89	   12.00	       49956008	      11.32	      10.80	      10.11	      11.45	           	       0.00	  499560.09	  484484.81	  411199.81	       0.05	      -0.29	       0.67	
 2015/09/23	   11.92	   13.21	   11.89	   13.17	       70007632	      11.99	      11.02	      10.29	      11.39	           	       0.00	  700076.31	  559172.38	  435832.59	       0.23	      -0.18	       0.82	
 2015/09/24	   13.17	   13.18	   12.43	   12.72	       55554184	      12.38	      11.23	      10.50	      11.34	           	       0.00	  555541.81	  629082.00	  453565.00	       0.33	      -0.08	       0.82	
 2015/09/25	   12.58	   13.03	   11.76	   12.42	       48185296	      12.56	      11.37	      10.68	      11.27	           	       0.00	  481852.97	  577304.00	  471878.00	       0.38	       0.01	       0.74	
 2015/09/28	   12.33	   13.13	   11.78	   12.95	       41366812	      12.65	      11.68	      10.85	      11.22	           	       0.00	  413668.13	  530140.00	  485530.00	       0.46	       0.10	       0.72	
 2015/09/29	   12.68	   13.87	   12.44	   12.92	       44295020	      12.84	      12.08	      10.98	      11.20	           	       0.00	  442950.19	  518818.00	  501651.41	       0.51	       0.18	       0.66	
 2015/09/30	   13.24	   13.54	   12.27	   12.52	       33099112	      12.71	      12.35	      11.10	      11.15	           	       0.00	  330991.13	  445000.81	  502086.59	       0.52	       0.25	       0.54	
 2015/10/08	   13.05	   13.68	   12.73	   13.38	       38723604	      12.84	      12.61	      11.31	      11.12	           	       0.00	  387236.03	  411339.59	  520210.81	       0.58	       0.32	       0.53	
 2015/10/09	   13.19	   13.61	   13.00	   13.32	       38231768	      13.02	      12.79	      11.53	      11.11	           	       0.00	  382317.69	  391432.41	  484368.19	       0.63	       0.38	       0.49	
 2015/10/12	   13.32	   14.62	   13.28	   13.74	       45770840	      13.18	      12.91	      11.76	      11.12	           	       0.00	  457708.41	  400240.41	  465190.19	       0.68	       0.44	       0.49	
 2015/10/13	   13.43	   14.93	   13.39	   14.76	       44477592	      13.54	      13.19	      12.00	      11.18	           	       0.00	  444775.91	  400605.59	  459711.81	       0.80	       0.51	       0.58	
 2015/10/14	   14.73	   14.88	   14.13	   14.25	       41108640	      13.89	      13.30	      12.16	      11.21	           	       0.00	  411086.41	  416625.19	  430813.00	       0.85	       0.58	       0.53	
 2015/10/15	   14.09	   14.81	   14.02	   14.59	       31314624	      14.13	      13.48	      12.36	      11.28	           	       0.00	  313146.25	  401807.19	  406573.41	       0.90	       0.64	       0.51	
 2015/10/16	   15.03	   15.93	   14.68	   14.81	       44064116	      14.43	      13.72	      12.55	      11.36	           	       0.00	  440641.16	  413471.59	  402452.00	       0.94	       0.70	       0.48	
 2015/10/19	   14.68	   16.08	   14.26	   15.68	       49157276	      14.82	      14.00	      12.84	      11.48	           	       0.00	  491572.75	  420244.81	  410242.59	       1.04	       0.77	       0.54	
 2015/10/20	   15.43	   15.45	   15.03	   15.33	       28964316	      14.93	      14.24	      13.16	      11.60	           	       0.00	  289643.16	  389218.00	  394911.81	       1.08	       0.83	       0.49	
 2015/10/21	   15.32	   15.68	   13.79	   13.79	       43988412	      14.84	      14.36	      13.36	      11.69	           	       0.00	  439884.13	  394977.19	  405801.19	       0.97	       0.86	       0.22	
 2015/10/22	   13.75	   14.48	   13.35	   14.37	       38660756	      14.80	      14.46	      13.54	      11.77	           	       0.00	  386607.56	  409669.59	  405738.41	       0.92	       0.87	       0.10	
 2015/10/23	   14.78	   15.30	   14.26	   14.85	       39862416	      14.80	      14.62	      13.70	      11.84	           	       0.00	  398624.16	  401266.41	  407369.00	       0.91	       0.88	       0.06	
 2015/10/26	   14.93	   15.90	   14.47	   15.49	       43372856	      14.77	      14.79	      13.85	      11.91	           	       0.00	  433728.56	  389697.59	  404971.19	       0.94	       0.89	       0.10	
 2015/10/27	   14.98	   15.36	   14.08	   15.12	       31331230	      14.72	      14.83	      14.01	      11.97	           	       0.00	  313312.31	  394431.59	  391824.81	       0.93	       0.90	       0.06	
 2015/10/28	   14.93	   15.92	   14.78	   15.39	       41225384	      15.04	      14.94	      14.12	      12.05	           	       0.00	  412253.84	  388905.59	  391941.41	       0.93	       0.90	       0.04	
 2015/10/29	   16.43	   16.82	   15.22	   15.61	       37366912	      15.29	      15.04	      14.26	      12.14	           	       0.00	  373669.13	  386317.59	  397993.59	       0.93	       0.91	       0.05	
 2015/10/30	   15.43	   17.18	   15.33	   16.96	       60641824	      15.71	      15.26	      14.49	      12.25	           	       0.00	  606418.25	  427876.41	  414571.41	       1.04	       0.94	       0.20	
 2015/11/02	   16.03	   17.64	   15.98	   16.28	       52553184	      15.87	      15.32	      14.66	      12.35	           	       0.00	  525531.81	  446236.81	  417967.19	       1.05	       0.96	       0.18	
 2015/11/03	   16.08	   17.14	   15.98	   16.53	       38542208	      16.15	      15.44	      14.84	      12.45	           	       0.00	  385422.09	  460658.81	  427545.19	       1.07	       0.98	       0.18	
 2015/11/04	   16.60	   18.19	   16.37	   18.19	       42859272	      16.71	      15.88	      15.12	      12.60	           	       0.00	  428592.72	  463926.81	  426416.19	       1.20	       1.02	       0.36	
 2015/11/05	   18.68	   19.85	   18.20	   18.45	       59518360	      17.28	      16.29	      15.38	      12.73	           	       0.00	  595183.63	  508229.59	  447273.59	       1.32	       1.08	       0.47	
 2015/11/06	   18.25	   19.42	   18.18	   19.11	       43114616	      17.71	      16.71	      15.66	      12.87	           	       0.00	  431146.16	  473175.19	  450525.81	       1.44	       1.15	       0.57	
 2015/11/09	   18.73	   21.02	   18.63	   20.69	       45569880	      18.59	      17.23	      16.01	      13.02	           	       0.00	  455698.81	  459208.81	  452722.81	       1.65	       1.25	       0.79	
 2015/11/10	   20.43	   22.77	   20.27	   22.77	       42909248	      19.84	      18.00	      16.41	      13.20	           	       0.00	  429092.47	  467942.81	  464300.81	       1.96	       1.40	       1.13	
 2015/11/11	   23.83	   24.42	   22.72	   23.38	       50761904	      20.88	      18.80	      16.87	      13.37	           	       0.00	  507619.03	  483748.00	  473837.41	       2.23	       1.56	       1.34	
 2015/11/12	   22.87	   24.18	   21.97	   23.01	       48760716	      21.79	      19.54	      17.29	      13.52	           	       0.00	  487607.16	  462232.81	  485231.19	       2.39	       1.73	       1.32	
 2015/11/13	   22.65	   24.93	   22.08	   22.84	       54606456	      22.54	      20.13	      17.69	      13.68	           	       0.00	  546064.56	  485216.41	  479195.81	       2.47	       1.88	       1.19	
 2015/11/16	   22.18	   23.27	   22.18	   22.79	       26876610	      22.96	      20.78	      18.05	      13.82	           	       0.00	  268766.09	  447830.00	  453519.41	       2.50	       2.00	       1.00	
 2015/11/17	   23.73	   24.67	   22.82	   22.93	       41371100	      22.99	      21.42	      18.43	      13.98	           	       0.00	  413711.00	  444754.00	  456348.41	       2.51	       2.10	       0.81	
 2015/11/18	   23.33	   23.68	   21.93	   22.43	       36037396	      22.80	      21.84	      18.86	      14.12	           	       0.00	  360373.97	  415304.41	  449526.19	       2.45	       2.17	       0.55	
 2015/11/19	   22.73	   24.68	   21.93	   24.68	       52619764	      23.13	      22.46	      19.38	      14.32	           	       0.00	  526197.63	  423022.41	  442627.59	       2.55	       2.25	       0.60	
 2015/11/20	   25.38	   27.15	   24.59	   25.38	       65722692	      23.64	      23.09	      19.90	      14.53	           	       0.00	  657226.94	  445255.19	  465235.81	       2.66	       2.33	       0.65	
 2015/11/23	   24.93	   25.83	   22.83	   23.15	       54842652	      23.71	      23.34	      20.28	      14.73	           	       0.00	  548426.50	  501187.19	  474508.59	       2.53	       2.37	       0.33	
 2015/11/24	   23.51	   24.25	   23.10	   23.84	       30023678	      23.90	      23.44	      20.72	      14.95	           	       0.00	  300236.78	  478492.00	  461623.00	       2.46	       2.39	       0.15	
 2015/11/25	   23.84	   24.16	   23.43	   23.88	       23479204	      24.19	      23.49	      21.14	      15.19	           	       0.00	  234792.05	  453376.00	  434340.19	       2.38	       2.39	      -0.01	
 2015/11/26	   23.78	   23.78	   22.35	   22.76	       33477602	      23.80	      23.47	      21.50	      15.42	           	       0.00	  334776.03	  415092.00	  419057.19	       2.20	       2.35	      -0.30	
 2015/11/27	   22.43	   23.24	   21.04	   21.48	       27298242	      23.02	      23.33	      21.73	      15.63	           	       0.00	  272982.41	  338243.19	  391749.19	       1.93	       2.27	      -0.67	
 2015/11/30	   22.05	   23.63	   21.43	   23.63	       35333692	      23.12	      23.42	      22.10	      15.87	           	       0.00	  353336.91	  299224.81	  400206.00	       1.87	       2.19	      -0.63	
 2015/12/01	   23.62	   23.62	   21.26	   21.97	       38645216	      22.74	      23.32	      22.37	      16.06	           	       0.00	  386452.16	  316468.00	  397480.00	       1.67	       2.08	      -0.83	
 2015/12/02	   21.67	   23.35	   20.93	   22.58	       32484552	      22.48	      23.33	      22.59	      16.27	           	       0.00	  324845.53	  334478.41	  393927.19	       1.54	       1.98	      -0.86	
 2015/12/03	   23.08	   24.84	   22.98	   24.84	       59173544	      22.90	      23.35	      22.91	      16.53	           	       0.00	  591735.44	  385870.41	  400481.19	       1.61	       1.90	      -0.59	
 2015/12/04	   24.63	   25.10	   23.73	   24.68	       45600824	      23.54	      23.28	      23.19	      16.79	           	       0.00	  456008.25	  422475.19	  380359.19	       1.62	       1.85	      -0.44	
 2015/12/07	   25.25	   27.15	   24.44	   26.62	       50853824	      24.14	      23.63	      23.48	      17.09	           	       0.00	  508538.25	  453516.00	  376370.41	       1.77	       1.83	      -0.12	
 2015/12/08	   26.20	   29.02	   25.94	   28.43	       50564856	      25.43	      24.09	      23.76	      17.39	           	       0.00	  505648.56	  477355.19	  396911.59	       2.02	       1.87	       0.29	
 2015/12/09	   28.43	   31.28	   27.93	   31.28	       60992272	      27.17	      24.83	      24.16	      17.73	           	       0.00	  609922.75	  534371.19	  434424.81	       2.41	       1.98	       0.87	
 2015/12/10	   31.42	   32.63	   30.33	   31.53	       64389984	      28.51	      25.70	      24.59	      18.08	           	       0.00	  643899.81	  544804.00	  465337.19	       2.71	       2.12	       1.17	
 2015/12/11	   30.93	   32.12	   29.68	   29.89	       41697308	      29.55	      26.55	      24.94	      18.39	           	       0.00	  416973.09	  536996.81	  479736.00	       2.78	       2.26	       1.06	
 2015/12/14	   29.27	   30.06	   27.88	   29.45	       40295768	      30.12	      27.13	      25.27	      18.72	           	       0.00	  402957.69	  515880.00	  484698.00	       2.78	       2.36	       0.83	
 2015/12/15	   29.27	   31.93	   29.08	   31.30	       42420324	      30.69	      28.06	      25.69	      19.09	           	       0.00	  424203.25	  499591.19	  488473.19	       2.89	       2.46	       0.84	
 2015/12/16	   30.86	   31.30	   29.95	   30.13	       33462596	      30.46	      28.82	      26.08	      19.43	           	       0.00	  334625.97	  444532.00	  489451.59	       2.84	       2.54	       0.61	
 2015/12/17	   30.31	   31.50	   29.93	   30.42	       34922572	      30.24	      29.37	      26.36	      19.76	           	       0.00	  349225.72	  385596.81	  465200.41	       2.80	       2.59	       0.42	
 2015/12/18	   30.33	   32.98	   30.25	   31.42	       48297184	      30.54	      30.05	      26.66	      20.09	           	       0.00	  482971.84	  398796.81	  467896.81	       2.82	       2.64	       0.36	
 2015/12/21	   30.94	   31.31	   29.43	   29.91	       33701516	      30.64	      30.38	      27.00	      20.38	           	       0.00	  337015.16	  385608.81	  450744.41	       2.68	       2.65	       0.06	
 2015/12/22	   29.93	   30.18	   29.19	   30.00	       21101780	      30.38	      30.53	      27.31	      20.68	           	       0.00	  211017.80	  342971.19	  421281.19	       2.55	       2.63	      -0.16	
 2015/12/23	   29.97	   30.93	   29.36	   29.65	       27767040	      30.28	      30.37	      27.60	      20.95	           	       0.00	  277670.41	  331580.00	  388056.00	       2.38	       2.58	      -0.39	
 2015/12/24	   29.48	   30.18	   28.69	   29.38	       20185116	      30.07	      30.16	      27.93	      21.23	           	       0.00	  201851.16	  302105.59	  343851.19	       2.21	       2.50	      -0.59	
 2015/12/25	   29.59	   31.42	   29.59	   30.33	       33844576	      29.85	      30.20	      28.37	      21.53	           	       0.00	  338445.75	  273200.00	  335998.41	       2.12	       2.43	      -0.61	
 2015/12/28	   29.93	   30.87	   29.42	   29.50	       22442044	      29.77	      30.20	      28.67	      21.81	           	       0.00	  224420.44	  250680.80	  318144.81	       1.96	       2.33	      -0.74	
 2015/12/29	   29.63	   32.42	   29.33	   31.87	       44537720	      30.15	      30.26	      29.16	      22.12	           	       0.00	  445377.19	  297552.81	  320262.00	       2.01	       2.27	      -0.53	
 2015/12/30	   31.85	   32.17	   30.76	   31.53	       30132370	      30.52	      30.40	      29.61	      22.44	           	       0.00	  301323.69	  302283.19	  316931.59	       1.99	       2.21	      -0.45	
 2015/12/31	   31.54	   33.41	   31.10	   31.39	       37033808	      30.92	      30.50	      29.94	      22.74	           	       0.00	  370338.09	  335980.81	  319043.19	       1.94	       2.16	      -0.43	
 2016/01/04	   31.43	   31.43	   28.25	   28.25	       30200472	      30.51	      30.18	      30.11	      22.99	           	       0.00	  302004.72	  328692.81	  300946.41	       1.63	       2.05	      -0.84	
 2016/01/05	   25.42	   26.68	   25.42	   25.46	       38122596	      29.70	      29.74	      30.06	      23.18	           	       0.00	  381225.97	  360053.59	  305367.19	       1.15	       1.87	      -1.45	
 2016/01/06	   25.78	   26.19	   23.95	   26.18	       35820440	      28.56	      29.35	      29.94	      23.37	           	       0.00	  358204.41	  342620.00	  320086.41	       0.82	       1.66	      -1.69	
 2016/01/07	   25.23	   25.23	   23.55	   23.55	        7668038	      26.97	      28.74	      29.56	      23.53	           	       0.00	   76680.38	  297691.19	  299987.19	       0.33	       1.40	      -2.12	
 2016/01/08	   23.68	   23.79	   21.19	   22.53	       35584296	      25.19	      28.06	      29.11	      23.66	           	       0.00	  355842.97	  294791.19	  315386.00	      -0.13	       1.09	      -2.44	
 2016/01/11	   21.18	   23.12	   20.68	   21.41	       31506958	      23.83	      27.17	      28.68	      23.77	           	       0.00	  315069.59	  297404.81	  313048.81	      -0.58	       0.76	      -2.67	
 2016/01/12	   21.98	   22.83	   21.33	   22.34	       32635240	      23.20	      26.45	      28.33	      23.88	           	       0.00	  326352.41	  286430.41	  323242.00	      -0.85	       0.44	      -2.57	
 2016/01/13	   22.38	   22.68	   20.95	   21.43	       30705328	      22.25	      25.41	      27.83	      23.98	           	       0.00	  307053.28	  276199.19	  309409.59	      -1.13	       0.12	      -2.50	
 2016/01/14	   20.18	   23.58	   19.95	   23.58	       41116420	      22.26	      24.61	      27.51	      24.15	           	       0.00	  411164.19	  343096.00	  320393.59	      -1.16	      -0.13	      -2.05	
 2016/01/15	   23.03	   24.25	   22.93	   23.09	       44490320	      22.37	      23.78	      27.14	      24.29	           	       0.00	  444903.19	  360908.81	  327850.00	      -1.21	      -0.35	      -1.72	
 2016/01/18	   22.23	   23.68	   21.99	   23.13	       33646104	      22.71	      23.27	      26.73	      24.43	           	       0.00	  336461.03	  365186.41	  331295.59	      -1.23	      -0.52	      -1.41	
 2016/01/19	   23.05	   24.17	   22.95	   24.13	       33971572	      23.07	      23.14	      26.44	      24.57	           	       0.00	  339715.72	  367859.19	  327144.81	      -1.15	      -0.65	      -1.01	
 2016/01/20	   23.87	   25.29	   23.69	   24.31	       35473124	      23.65	      22.95	      26.15	      24.73	           	       0.00	  354731.25	  377395.19	  326797.19	      -1.07	      -0.73	      -0.67	
 2016/01/21	   23.60	   24.52	   21.87	   21.87	       39061744	      23.31	      22.78	      25.76	      24.84	           	       0.00	  390617.44	  373285.59	  358190.81	      -1.18	      -0.82	      -0.72	
 2016/01/22	   21.77	   22.50	   20.53	   21.87	       29086828	      23.06	      22.72	      25.39	      24.94	           	       0.00	  290868.28	  342479.19	  351694.00	      -1.26	      -0.91	      -0.70	
 2016/01/25	   22.18	   22.55	   21.18	   21.56	       22166162	      22.75	      22.73	      24.95	      25.02	           	       0.00	  221661.63	  319519.19	  342352.81	      -1.33	      -0.99	      -0.67	
 2016/01/26	   21.18	   21.20	   19.39	   19.39	       27220608	      21.80	      22.44	      24.44	      25.07	           	       0.00	  272206.09	  306016.81	  336938.00	      -1.54	      -1.10	      -0.88	
 2016/01/27	   19.39	   19.68	   17.45	   18.50	       30974094	      20.64	      22.14	      23.77	      25.10	           	       0.00	  309740.94	  297019.19	  337207.19	      -1.76	      -1.23	      -1.05	
 2016/01/28	   18.08	   18.37	   16.65	   16.65	       22037828	      19.59	      21.45	      23.03	      25.08	           	       0.00	  220378.28	  262971.19	  318128.41	      -2.06	      -1.40	      -1.32	
 2016/01/29	   16.48	   18.32	   16.18	   18.32	       38304036	      18.88	      20.97	      22.38	      25.07	           	       0.00	  383040.38	  281404.81	  311942.00	      -2.14	      -1.55	      -1.18	
 2016/02/01	   18.42	   19.02	   17.23	   17.93	       40137656	      18.16	      20.45	      21.86	      25.05	           	       0.00	  401376.56	  317348.00	  318433.59	      -2.21	      -1.68	      -1.06	
 2016/02/02	   18.03	   19.18	   17.74	   18.43	       28417188	      17.97	      19.88	      21.51	      25.02	           	       0.00	  284171.88	  319741.59	  312879.19	      -2.20	      -1.78	      -0.83	
 2016/02/03	   18.00	   19.72	   17.97	   19.46	       31826812	      18.16	      19.40	      21.17	      24.96	           	       0.00	  318268.13	  321446.41	  309232.81	      -2.08	      -1.84	      -0.47	
 2016/02/04	   19.60	   21.41	   19.33	   21.41	       40750944	      19.11	      19.35	      21.07	      24.93	           	       0.00	  407509.44	  358873.59	  310922.41	      -1.81	      -1.84	       0.05	
 2016/02/05	   22.58	   22.83	   21.23	   21.38	       42639384	      19.72	      19.30	      21.01	      24.90	           	       0.00	  426393.84	  367544.00	  324474.41	      -1.58	      -1.78	       0.41	
 2016/02/15	   20.70	   22.82	   20.44	   22.31	       34350324	      20.60	      19.38	      21.05	      24.89	           	       0.00	  343503.25	  355969.59	  336658.81	      -1.31	      -1.69	       0.76	
 2016/02/16	   22.23	   23.03	   21.80	   22.74	       36529380	      21.46	      19.71	      21.07	      24.89	           	       0.00	  365293.81	  372194.41	  345968.00	      -1.04	      -1.56	       1.03	
 2016/02/17	   22.57	   22.92	   21.95	   22.54	       27378540	      22.08	      20.12	      21.13	      24.88	           	       0.00	  273785.41	  363297.59	  342372.00	      -0.84	      -1.42	       1.15	
 2016/02/18	   22.75	   23.54	   22.18	   22.22	       28462980	      22.24	      20.67	      21.06	      24.88	           	       0.00	  284629.81	  338720.81	  348797.19	      -0.70	      -1.27	       1.15	
 2016/02/19	   22.23	   22.65	   21.70	   22.23	       20936852	      22.41	      21.06	      21.02	      24.84	           	       0.00	  209368.52	  295316.81	  331430.41	      -0.58	      -1.13	       1.11	
 2016/02/22	   22.48	   23.68	   22.05	   23.35	       36309804	      22.62	      21.61	      21.03	      24.81	           	       0.00	  363098.03	  299235.19	  327602.41	      -0.39	      -0.99	       1.19	
 2016/02/23	   23.33	   23.35	   21.78	   22.32	       33401258	      22.53	      22.00	      20.94	      24.79	           	       0.00	  334012.59	  292978.41	  332586.41	      -0.32	      -0.85	       1.07	
 2016/02/24	   21.93	   22.48	   21.68	   22.27	       21245286	      22.48	      22.28	      20.84	      24.77	           	       0.00	  212452.86	  280712.00	  322004.81	      -0.26	      -0.73	       0.94	
 2016/02/25	   22.83	   23.08	   20.03	   20.27	       36143520	      22.09	      22.16	      20.76	      24.71	           	       0.00	  361435.19	  296073.59	  317397.19	      -0.38	      -0.66	       0.57	
 2016/02/26	   20.50	   20.66	   18.98	   19.86	       24346328	      21.61	      22.01	      20.66	      24.66	           	       0.00	  243463.28	  302892.00	  299104.41	      -0.49	      -0.63	       0.27	
 2016/02/29	   19.67	   19.67	   17.87	   17.87	       25472408	      20.52	      21.57	      20.47	      24.60	           	       0.00	  254724.08	  281217.59	  290226.41	      -0.74	      -0.65	      -0.17	
 2016/03/01	   17.88	   18.67	   17.13	   18.44	       23987668	      19.74	      21.14	      20.42	      24.51	           	       0.00	  239876.69	  262390.41	  277684.41	      -0.88	      -0.70	      -0.36	
 2016/03/02	   18.33	   19.83	   18.03	   19.41	       26272296	      19.17	      20.82	      20.47	      24.47	           	       0.00	  262722.97	  272444.81	  276578.41	      -0.90	      -0.74	      -0.32	
 2016/03/03	   19.18	   20.16	   19.14	   19.28	       25960344	      18.97	      20.53	      20.60	      24.41	           	       0.00	  259603.44	  252078.41	  274076.00	      -0.91	      -0.77	      -0.28	
 2016/03/04	   19.32	   19.68	   17.68	   17.90	       23791698	      18.58	      20.10	      20.58	      24.30	           	       0.00	  237916.98	  250968.80	  276930.41	      -1.03	      -0.82	      -0.41	
 2016/03/07	   18.33	   18.75	   18.08	   18.35	       15082704	      18.68	      19.60	      20.60	      24.19	           	       0.00	  150827.05	  230189.59	  255703.59	      -1.07	      -0.87	      -0.39	
 2016/03/08	   18.42	   19.93	   17.13	   19.47	       34389664	      18.88	      19.31	      20.65	      24.07	           	       0.00	  343896.63	  250993.59	  256692.00	      -1.00	      -0.90	      -0.20	
 2016/03/09	   18.79	   19.70	   18.57	   18.68	       23763210	      18.74	      18.95	      20.62	      23.91	           	       0.00	  237632.09	  245975.20	  259210.00	      -0.99	      -0.92	      -0.16	
 2016/03/10	   18.83	   19.53	   18.43	   18.96	       23794380	      18.67	      18.82	      20.49	      23.71	           	       0.00	  237943.80	  241643.20	  246860.80	      -0.96	      -0.92	      -0.07	
 2016/03/11	   18.48	   19.00	   18.18	   18.52	       17333504	      18.80	      18.69	      20.35	      23.49	           	       0.00	  173335.05	  228727.20	  239848.00	      -0.95	      -0.93	      -0.05	
 2016/03/14	   19.02	   20.35	   19.02	   19.95	       33337288	      19.12	      18.90	      20.23	      23.32	           	       0.00	  333372.88	  265236.00	  247712.80	      -0.83	      -0.91	       0.17	
 2016/03/15	   19.78	   21.22	   19.63	   20.10	       40624160	      19.24	      19.06	      20.10	      23.17	           	       0.00	  406241.59	  277704.81	  264349.19	      -0.70	      -0.87	       0.33	
 2016/03/16	   20.53	   21.01	   19.85	   20.53	       34297368	      19.61	      19.17	      20.00	      22.99	           	       0.00	  342973.69	  298773.59	  272374.41	      -0.57	      -0.81	       0.48	
 2016/03/17	   20.69	   22.59	   20.53	   22.59	       49135616	      20.34	      19.51	      20.02	      22.86	           	       0.00	  491356.16	  349456.00	  295549.59	      -0.29	      -0.70	       0.83	
 2016/03/18	   22.56	   23.56	   22.28	   22.92	       54555540	      21.22	      20.01	      20.05	      22.74	           	       0.00	  545555.38	  423900.00	  326313.59	      -0.04	      -0.57	       1.06	
 2016/03/21	   23.21	   23.40	   22.46	   23.34	       40285856	      21.90	      20.51	      20.05	      22.60	           	       0.00	  402858.56	  437796.81	  351516.41	       0.19	      -0.42	       1.22	
 2016/03/23	   22.73	   22.83	   21.99	   22.66	       37658088	      22.41	      20.83	      20.07	      22.48	           	       0.00	  376580.88	  431864.81	  354784.81	       0.31	      -0.27	       1.17	
 2016/03/24	   22.28	   24.34	   21.93	   23.21	       44371916	      22.94	      21.28	      20.12	      22.37	           	       0.00	  443719.16	  452013.59	  375393.59	       0.45	      -0.13	       1.15	
 2016/03/25	   23.48	   23.65	   22.36	   22.78	       31301970	      22.98	      21.66	      20.24	      22.25	           	       0.00	  313019.69	  416346.41	  382901.19	       0.51	      -0.00	       1.03	
 2016/03/28	   23.38	   24.83	   23.19	   23.77	       48021748	      23.15	      22.18	      20.44	      22.16	           	       0.00	  480217.47	  403279.19	  413589.59	       0.64	       0.13	       1.03	
 2016/03/29	   23.48	   24.00	   22.68	   23.23	       29626730	      23.13	      22.51	      20.70	      22.04	           	       0.00	  296267.31	  381960.81	  409878.81	       0.69	       0.24	       0.90	
 2016/03/30	   23.53	   25.56	   23.53	   25.56	       47353828	      23.71	      23.06	      21.06	      21.98	           	       0.00	  473538.28	  401352.81	  416608.81	       0.90	       0.37	       1.06	
 2016/03/31	   26.27	   26.60	   25.38	   25.55	       52069828	      24.18	      23.56	      21.37	      21.87	           	       0.00	  520698.28	  416748.81	  434381.19	       1.06	       0.51	       1.10	
 2016/04/01	   25.41	   26.17	   24.87	   26.12	       33615904	      24.85	      23.91	      21.71	      21.78	           	       0.00	  336159.03	  421376.81	  418861.59	       1.22	       0.65	       1.13	
 2016/04/05	   26.68	   27.74	   26.26	   26.79	       38984220	      25.45	      24.30	      22.15	      21.70	           	       0.00	  389842.19	  403300.81	  403290.00	       1.38	       0.80	       1.17	
 2016/04/06	   26.28	   28.92	   26.18	   28.09	       40845420	      26.42	      24.78	      22.64	      21.70	           	       0.00	  408454.19	  425739.19	  403850.00	       1.60	       0.96	       1.28	
 2016/04/07	   27.93	   30.23	   27.63	   28.93	       49529112	      27.10	      25.40	      23.11	      21.76	           	       0.00	  495291.13	  430088.81	  415720.81	       1.82	       1.13	       1.37	
 2016/04/08	   28.64	   29.53	   28.34	   29.29	       38812928	      27.84	      26.01	      23.64	      21.81	           	       0.00	  388129.28	  403574.41	  410161.59	       1.99	       1.30	       1.38	
 2016/04/11	   30.17	   30.17	   28.70	   29.60	       38190568	      28.54	      26.69	      24.18	      21.91	           	       0.00	  381905.69	  412723.19	  417050.00	       2.14	       1.47	       1.33	
 2016/04/12	   29.08	   29.33	   26.68	   27.32	       43856800	      28.65	      27.05	      24.62	      21.99	           	       0.00	  438568.00	  422468.81	  412884.81	       2.04	       1.58	       0.91	
 2016/04/13	   27.39	   28.27	   27.35	   27.45	       31752568	      28.52	      27.47	      24.99	      22.09	           	       0.00	  317525.69	  404283.19	  415011.19	       1.95	       1.66	       0.59	
 2016/04/14	   27.54	   28.22	   27.18	   27.80	       24899216	      28.29	      27.69	      25.38	      22.18	           	       0.00	  248992.16	  355024.00	  392556.41	       1.89	       1.70	       0.37	
 2016/04/15	   27.71	   27.92	   26.83	   27.67	       25654044	      27.97	      27.91	      25.73	      22.29	           	       0.00	  256540.44	  328707.19	  366140.81	       1.81	       1.72	       0.17	
 2016/04/18	   27.26	   29.93	   27.20	   29.18	       47023412	      27.88	      28.21	      26.06	      22.38	           	       0.00	  470234.13	  346372.81	  379548.00	       1.85	       1.75	       0.19	
 2016/04/19	   28.98	   30.28	   28.98	   29.58	       39666312	      28.34	      28.49	      26.40	      22.49	           	       0.00	  396663.13	  337992.00	  380230.41	       1.88	       1.78	       0.22	
 2016/04/20	   29.68	   31.37	   28.80	   30.50	       66499540	      28.95	      28.73	      26.75	      22.61	           	       0.00	  664995.38	  407484.81	  405884.00	       1.97	       1.81	       0.31	
 2016/04/21	   29.90	   30.19	   27.58	   27.75	       46016632	      28.94	      28.61	      27.01	      22.67	           	       0.00	  460166.31	  449720.00	  402372.00	       1.79	       1.81	      -0.04	
 2016/04/22	   27.32	   29.88	   26.94	   29.62	       43133272	      29.33	      28.65	      27.33	      22.76	           	       0.00	  431332.72	  484678.41	  406692.81	       1.78	       1.80	      -0.05	
 2016/04/25	   29.28	   29.87	   27.72	   28.84	       33907096	      29.26	      28.57	      27.63	      22.88	           	       0.00	  339070.97	  458446.41	  402409.59	       1.69	       1.78	      -0.18	
 2016/04/26	   28.43	   30.36	   28.38	   29.53	       40866940	      29.25	      28.79	      27.92	      23.00	           	       0.00	  408669.41	  460846.41	  399419.19	       1.66	       1.76	      -0.20	
 2016/04/27	   29.63	   30.98	   29.43	   29.70	       41615052	      29.09	      29.02	      28.24	      23.14	           	       0.00	  416150.53	  411078.41	  409281.59	       1.62	       1.73	      -0.21	
 2016/04/28	   29.83	   30.86	   28.41	   30.43	       44242128	      29.62	      29.28	      28.49	      23.32	           	       0.00	  442421.28	  407529.59	  428624.81	       1.64	       1.71	      -0.15	
 2016/04/29	   30.00	   31.70	   29.97	   31.04	       47163108	      29.91	      29.62	      28.76	      23.53	           	       0.00	  471631.09	  415588.81	  450133.59	       1.68	       1.70	      -0.05	
 2016/05/03	   31.08	   33.58	   30.55	   33.17	       48967828	      30.77	      30.02	      29.11	      23.81	           	       0.00	  489678.28	  445708.81	  452077.59	       1.86	       1.74	       0.25	
 2016/05/04	   32.97	   34.47	   32.84	   33.26	       47759536	      31.52	      30.38	      29.44	      24.06	           	       0.00	  477595.38	  459496.00	  460171.19	       1.99	       1.79	       0.41	
 2016/05/05	   32.93	   34.93	   32.83	   34.58	       41704368	      32.50	      30.79	      29.76	      24.33	           	       0.00	  417043.69	  459673.59	  435376.00	       2.17	       1.86	       0.62	
 2016/05/06	   34.39	   36.32	   33.68	   33.73	       59907928	      33.16	      31.39	      30.00	      24.59	           	       0.00	  599079.25	  491004.81	  449267.19	       2.23	       1.94	       0.58	
 2016/05/09	   33.42	   34.23	   31.13	   32.96	       44332168	      33.54	      31.72	      30.19	      24.82	           	       0.00	  443321.69	  485342.41	  450465.59	       2.18	       1.98	       0.39	
 2016/05/10	   32.63	   32.63	   30.30	   31.18	       35270256	      33.14	      31.96	      30.26	      24.98	           	       0.00	  352702.56	  457948.81	  451828.81	       1.98	       1.98	      -0.01	
 2016/05/11	   31.69	   32.56	   30.93	   31.09	       32710314	      32.71	      32.11	      30.45	      25.14	           	       0.00	  327103.13	  427849.59	  443672.81	       1.79	       1.94	      -0.31	
 2016/05/12	   30.43	   34.11	   30.07	   33.82	       52649488	      32.56	      32.53	      30.77	      25.33	           	       0.00	  526494.88	  449740.81	  454707.19	       1.84	       1.92	      -0.17	
 2016/05/13	   33.39	   35.51	   32.94	   34.44	       55043976	      32.70	      32.93	      31.10	      25.53	           	       0.00	  550439.75	  440012.81	  465508.81	       1.90	       1.92	      -0.03	
 2016/05/16	   34.15	   35.70	   33.75	   35.16	       45010552	      33.14	      33.34	      31.48	      25.74	           	       0.00	  450105.53	  441369.59	  463356.00	       1.99	       1.93	       0.12	
 2016/05/17	   35.08	   37.58	   34.89	   35.16	       55038388	      33.93	      33.54	      31.78	      25.95	           	       0.00	  550383.88	  480905.59	  469427.19	       2.04	       1.95	       0.17	
 2016/05/18	   34.18	   34.88	   32.53	   33.83	       41985520	      34.48	      33.59	      31.99	      26.15	           	       0.00	  419855.19	  499456.00	  463652.81	       1.95	       1.95	      -0.01	
 2016/05/19	   33.94	   35.72	   33.54	   35.07	       45511508	      34.73	      33.64	      32.22	      26.34	           	       0.00	  455115.09	  485179.19	  467460.00	       1.95	       1.95	      -0.00	
 2016/05/20	   35.37	   36.57	   33.51	   34.33	       48576956	      34.71	      33.70	      32.55	      26.54	           	       0.00	  485769.56	  472246.41	  456129.59	       1.87	       1.94	      -0.13	
 2016/05/23	   34.83	   35.42	   33.53	   35.10	       37422440	      34.70	      33.92	      32.82	      26.76	           	       0.00	  374224.41	  457070.41	  449220.00	       1.85	       1.92	      -0.14	
 2016/05/24	   34.70	   35.10	   33.43	   34.04	       32263464	      34.47	      34.20	      33.08	      26.98	           	       0.00	  322634.63	  411520.00	  446212.81	       1.73	       1.88	      -0.30	
 2016/05/25	   34.12	   34.59	   32.03	   32.50	       35070904	      34.21	      34.34	      33.23	      27.20	           	       0.00	  350709.03	  397691.19	  448573.59	       1.49	       1.80	      -0.63	
 2016/05/26	   32.50	   32.68	   30.83	   32.54	       30920266	      33.70	      34.22	      33.37	      27.44	           	       0.00	  309202.66	  368508.81	  426844.00	       1.29	       1.70	      -0.82	
 2016/05/27	   32.19	   32.82	   30.28	   30.73	       28788984	      32.98	      33.85	      33.39	      27.64	           	       0.00	  287889.84	  328931.19	  400588.81	       0.97	       1.55	      -1.16	
 2016/05/30	   30.09	   31.02	   30.02	   30.57	       19090468	      32.08	      33.39	      33.36	      27.83	           	       0.00	  190904.69	  292267.19	  374668.81	       0.70	       1.38	      -1.36	
 2016/05/31	   30.86	   32.07	   30.69	   31.93	       25246212	      31.65	      33.06	      33.30	      28.04	           	       0.00	  252462.13	  278233.59	  344876.81	       0.59	       1.23	      -1.27	
 2016/06/01	   31.95	   34.17	   31.78	   32.74	       36616792	      31.70	      32.96	      33.28	      28.29	           	       0.00	  366167.91	  281324.81	  339508.00	       0.56	       1.09	      -1.07	
 2016/06/02	   32.50	   33.25	   32.13	   32.54	       22813872	      31.70	      32.70	      33.17	      28.53	           	       0.00	  228138.72	  265112.00	  316810.41	       0.51	       0.98	      -0.93	
 2016/06/03	   32.68	   33.62	   32.44	   32.99	       26740674	      32.15	      32.57	      33.14	      28.75	           	       0.00	  267406.75	  261016.00	  294973.59	       0.51	       0.88	      -0.75	
 2016/06/06	   33.08	   33.43	   32.63	   33.34	       23136292	      32.71	      32.39	      33.15	      28.99	           	       0.00	  231362.92	  269108.81	  280688.00	       0.53	       0.81	      -0.57	
 2016/06/07	   33.43	   33.52	   32.69	   32.93	       20724126	      32.91	      32.28	      33.24	      29.23	           	       0.00	  207241.27	  260064.00	  269148.81	       0.50	       0.75	      -0.50	
 2016/06/08	   32.68	   36.03	   32.58	   34.96	       49592228	      33.35	      32.53	      33.44	      29.50	           	       0.00	  495922.28	  286014.41	  283669.59	       0.64	       0.73	      -0.18	
 2016/06/13	   34.30	   34.77	   32.53	   32.53	       35395944	      33.35	      32.53	      33.37	      29.71	           	       0.00	  353959.44	  311179.19	  288145.59	       0.54	       0.69	      -0.29	
 2016/06/14	   32.17	   33.17	   31.74	   32.08	       21602880	      33.17	      32.66	      33.25	      29.91	           	       0.00	  216028.80	  300904.00	  280960.00	       0.43	       0.64	      -0.42	
 2016/06/15	   31.45	   35.27	   31.44	   34.12	       38488076	      33.32	      33.02	      33.20	      30.14	           	       0.00	  384880.75	  331606.41	  300357.59	       0.49	       0.61	      -0.23	
 2016/06/16	   34.18	   36.11	   33.95	   34.99	       47365816	      33.74	      33.32	      33.19	      30.34	           	       0.00	  473658.16	  384889.59	  322476.81	       0.61	       0.61	       0.00	
 2016/06/17	   34.78	   35.20	   33.94	   34.60	       29164484	      33.66	      33.51	      33.23	      30.54	           	       0.00	  291644.84	  344033.59	  315024.00	       0.66	       0.62	       0.09	
 2016/06/20	   35.17	   35.80	   34.43	   35.68	       36910800	      34.29	      33.82	      33.26	      30.74	           	       0.00	  369108.00	  347064.00	  329121.59	       0.78	       0.65	       0.26	
 2016/06/21	   36.33	   36.69	   33.94	   34.19	       38792096	      34.72	      33.94	      33.26	      30.94	           	       0.00	  387920.97	  381441.59	  341172.81	       0.75	       0.67	       0.16	
 2016/06/22	   33.68	   34.42	   33.13	   34.42	       22079366	      34.78	      34.05	      33.22	      31.12	           	       0.00	  220793.66	  348624.00	  340115.19	       0.73	       0.68	       0.10	
 2016/06/23	   33.95	   34.20	   33.28	   33.36	       19484580	      34.45	      34.09	      33.19	      31.30	           	       0.00	  194845.80	  292862.41	  338876.00	       0.63	       0.67	      -0.09	
 2016/06/24	   33.40	   33.99	   30.80	   32.20	       47729608	      33.97	      33.82	      33.17	      31.44	           	       0.00	  477296.09	  329993.59	  337013.59	       0.45	       0.63	      -0.36	
 2016/06/27	   31.80	   32.58	   31.30	   32.45	       44200260	      33.32	      33.81	      33.17	      31.59	           	       0.00	  442002.59	  344571.19	  345817.59	       0.32	       0.57	      -0.50	
 2016/06/28	   32.15	   32.24	   31.36	   31.80	       36015852	      32.85	      33.78	      33.22	      31.70	           	       0.00	  360158.53	  339019.19	  360230.41	       0.16	       0.48	      -0.65	
 2016/06/29	   32.03	   34.90	   32.03	   34.40	       91346128	      32.84	      33.81	      33.41	      31.85	           	       0.00	  913461.25	  477553.59	  413088.81	       0.24	       0.44	      -0.38	
 2016/06/30	   33.95	   34.18	   32.70	   33.45	       58505568	      32.86	      33.65	      33.49	      31.97	           	       0.00	  585055.69	  555595.19	  424228.81	       0.23	       0.40	      -0.33	
 2016/07/01	   33.60	   34.13	   33.22	   33.46	       42453716	      33.11	      33.54	      33.52	      32.08	           	       0.00	  424537.16	  545043.19	  437518.41	       0.22	       0.36	      -0.28	
 2016/07/04	   32.90	   34.65	   32.60	   34.15	       49526732	      33.45	      33.39	      33.60	      32.18	           	       0.00	  495267.31	  555696.00	  450133.59	       0.26	       0.34	      -0.16	
 2016/07/05	   34.30	   35.49	   33.64	   34.67	       70563136	      34.03	      33.44	      33.69	      32.28	           	       0.00	  705631.38	  624790.38	  481904.81	       0.33	       0.34	      -0.01	
 2016/07/06	   34.19	   35.17	   33.85	   34.23	       51016408	      33.99	      33.42	      33.73	      32.36	           	       0.00	  510164.09	  544131.19	  510842.41	       0.35	       0.34	       0.02	
 2016/07/07	   34.65	   37.65	   34.54	   37.65	      131471920	      34.83	      33.85	      33.97	      32.49	           	       0.00	 1314719.25	  690064.00	  622829.63	       0.63	       0.40	       0.47	
 2016/07/08	   38.55	   39.80	   37.37	   37.39	      139207264	      35.62	      34.36	      34.09	      32.66	           	       0.00	 1392072.63	  883571.19	  714307.19	       0.83	       0.49	       0.68	
 2016/07/12	   36.00	   36.28	   34.00	   35.70	       88472496	      35.93	      34.69	      34.25	      32.80	           	       0.00	  884724.94	  961462.38	  758579.19	       0.84	       0.56	       0.56	
 2016/07/13	   36.07	   36.69	   35.35	   35.93	       56707504	      36.18	      35.10	      34.44	      32.93	           	       0.00	  567075.06	  933752.00	  779271.19	       0.85	       0.61	       0.47	
 2016/07/14	   36.00	   37.32	   35.38	   37.07	       60180032	      36.75	      35.37	      34.59	      33.09	           	       0.00	  601800.31	  952078.38	  748104.81	       0.94	       0.68	       0.52	
 2016/07/15	   36.69	   39.60	   36.53	   38.70	       85850784	      36.96	      35.90	      34.78	      33.25	           	       0.00	  858507.81	  860835.19	  775449.63	       1.13	       0.77	       0.73	
 2016/07/18	   38.00	   39.78	   37.71	   38.70	       68799968	      37.22	      36.42	      34.98	      33.40	           	       0.00	  687999.69	  720020.81	  801796.00	       1.27	       0.87	       0.80	
 2016/07/19	   38.51	   39.60	   37.55	   38.31	       52995152	      37.74	      36.84	      35.11	      33.53	           	       0.00	  529951.50	  649067.19	  805264.81	       1.33	       0.96	       0.74	
 2016/07/20	   38.20	   38.43	   37.58	   37.87	       33403456	      38.13	      37.15	      35.30	      33.70	           	       0.00	  334034.56	  602459.19	  768105.63	       1.33	       1.04	       0.59	
 2016/07/21	   37.61	   38.98	   36.88	   38.67	       61058272	      38.45	      37.60	      35.51	      33.85	           	       0.00	  610582.75	  604214.38	  778146.38	       1.38	       1.11	       0.55	
 2016/07/22	   38.20	   38.45	   36.39	   36.63	       58218196	      38.04	      37.50	      35.67	      33.98	           	       0.00	  582181.94	  548950.38	  704892.81	       1.24	       1.13	       0.21	
 2016/07/25	   35.98	   35.99	   34.30	   34.95	       48383000	      37.29	      37.25	      35.81	      34.07	           	       0.00	  483830.00	  508116.81	  614068.81	       0.98	       1.10	      -0.24	
 2016/07/26	   35.00	   35.88	   35.00	   35.45	       27798892	      36.71	      37.23	      35.96	      34.17	           	       0.00	  277988.91	  457723.19	  553395.19	       0.81	       1.04	      -0.47	
 2016/07/27	   35.48	   35.95	   32.61	   34.09	       42747052	      35.96	      37.04	      36.07	      34.23	           	       0.00	  427470.53	  476409.59	  539434.38	       0.55	       0.94	      -0.79	
 2016/07/28	   33.60	   34.79	   33.42	   34.34	       30832540	      35.09	      36.77	      36.07	      34.28	           	       0.00	  308325.41	  415960.00	  510087.19	       0.37	       0.83	      -0.93	
 2016/07/29	   34.32	   34.58	   33.33	   33.72	       23716922	      34.51	      36.27	      36.08	      34.29	           	       0.00	  237169.22	  346956.81	  447953.59	       0.17	       0.70	      -1.06	
 2016/08/01	   33.40	   33.47	   32.15	   32.97	       26482794	      34.11	      35.70	      36.06	      34.29	           	       0.00	  264827.94	  303156.81	  405636.81	      -0.05	       0.55	      -1.20	
 2016/08/02	   32.95	   33.28	   32.51	   33.01	       18280364	      33.63	      35.17	      36.00	      34.26	           	       0.00	  182803.64	  284120.00	  370921.59	      -0.22	       0.39	      -1.22	
 2016/08/03	   33.01	   33.42	   32.76	   32.98	       18947228	      33.40	      34.68	      35.92	      34.25	           	       0.00	  189472.28	  236520.00	  356464.81	      -0.35	       0.25	      -1.19	
 2016/08/04	   33.07	   34.13	   32.46	   33.53	       35327964	      33.24	      34.17	      35.88	      34.26	           	       0.00	  353279.63	  245510.41	  330735.19	      -0.40	       0.12	      -1.04	
 2016/08/05	   33.10	   33.32	   32.82	   32.86	       21315828	      33.07	      33.79	      35.64	      34.29	           	       0.00	  213158.28	  240708.80	  293832.81	      -0.49	      -0.01	      -0.98	
 2016/08/08	   32.70	   32.75	   32.03	   32.71	       18649112	      33.02	      33.57	      35.41	      34.31	           	       0.00	  186491.13	  225040.00	  264098.41	      -0.57	      -0.12	      -0.91	
 2016/08/09	   32.68	   33.30	   32.57	   33.12	       19805822	      33.04	      33.33	      35.28	      34.30	           	       0.00	  198058.22	  228091.20	  256105.59	      -0.59	      -0.21	      -0.76	
 2016/08/10	   33.23	   34.19	   33.03	   33.31	       28743486	      33.11	      33.25	      35.15	      34.28	           	       0.00	  287434.88	  247684.80	  242102.41	      -0.59	      -0.29	      -0.60	
 2016/08/11	   33.10	   33.19	   32.23	   32.24	       23191296	      32.85	      33.05	      34.91	      34.23	           	       0.00	  231912.95	  223411.20	  234460.80	      -0.66	      -0.36	      -0.60	
 2016/08/12	   32.09	   32.64	   32.09	   32.46	       13663764	      32.77	      32.92	      34.60	      34.19	           	       0.00	  136637.64	  208107.20	  224408.00	      -0.70	      -0.43	      -0.53	
 2016/08/15	   32.47	   33.50	   32.19	   33.16	       28486278	      32.86	      32.94	      34.32	      34.18	           	       0.00	  284862.78	  227782.41	  226411.20	      -0.66	      -0.48	      -0.37	
 2016/08/16	   33.01	   34.38	   33.00	   34.12	       40778556	      33.06	      33.05	      34.11	      34.16	           	       0.00	  407785.56	  269728.00	  248909.59	      -0.55	      -0.49	      -0.11	
 2016/08/17	   33.90	   34.06	   33.49	   33.67	       22607146	      33.13	      33.12	      33.90	      34.15	           	       0.00	  226071.45	  257454.41	  252569.59	      -0.49	      -0.49	       0.01	
 2016/08/18	   33.67	   34.27	   33.40	   33.46	       21438520	      33.37	      33.11	      33.64	      34.12	           	       0.00	  214385.20	  253948.80	  238680.00	      -0.45	      -0.48	       0.06	
 2016/08/19	   33.65	   33.77	   33.13	   33.68	       16435920	      33.62	      33.19	      33.49	      34.12	           	       0.00	  164359.20	  259492.80	  233800.00	      -0.40	      -0.47	       0.13	
 2016/08/22	   33.80	   34.29	   33.62	   33.82	       24307612	      33.75	      33.30	      33.44	      34.14	           	       0.00	  243076.13	  251134.41	  239458.41	      -0.35	      -0.44	       0.19	
 2016/08/23	   34.04	   34.13	   32.70	   33.20	       22575204	      33.57	      33.31	      33.32	      34.15	           	       0.00	  225752.05	  214728.00	  242228.00	      -0.35	      -0.42	       0.15	
 2016/08/24	   33.09	   33.52	   33.00	   33.25	       16360086	      33.48	      33.31	      33.28	      34.19	           	       0.00	  163600.86	  202233.59	  229844.00	      -0.34	      -0.41	       0.13	
 2016/08/25	   33.25	   33.40	   32.64	   33.08	       16738620	      33.41	      33.39	      33.22	      34.23	           	       0.00	  167386.20	  192835.20	  223392.00	      -0.35	      -0.40	       0.10	
 2016/08/26	   33.24	   33.47	   32.91	   32.95	       13558383	      33.26	      33.44	      33.18	      34.25	           	       0.00	  135583.83	  187080.00	  223286.41	      -0.36	      -0.39	       0.06	
 2016/08/29	   32.85	   32.99	   32.31	   32.48	       14079735	      32.99	      33.37	      33.15	      34.25	           	       0.00	  140797.34	  166624.00	  208879.20	      -0.40	      -0.39	      -0.02	
 2016/08/30	   32.41	   32.97	   32.41	   32.52	       10121644	      32.86	      33.21	      33.13	      34.25	           	       0.00	  101216.44	  141716.80	  178222.41	      -0.42	      -0.40	      -0.05	
 2016/08/31	   32.57	   33.09	   32.43	   32.92	       15491591	      32.79	      33.14	      33.13	      34.24	           	       0.00	  154915.91	  139980.80	  171107.20	      -0.41	      -0.40	      -0.02	
 2016/09/01	   32.80	   32.88	   32.41	   32.43	       12016125	      32.66	      33.03	      33.07	      34.23	           	       0.00	  120161.25	  130534.40	  161684.80	      -0.43	      -0.40	      -0.05	
 2016/09/02	   32.45	   32.70	   31.64	   31.80	       14798928	      32.43	      32.85	      33.02	      34.21	           	       0.00	  147989.28	  133016.00	  160048.00	      -0.49	      -0.42	      -0.14	
 2016/09/05	   31.85	   32.05	   31.64	   31.68	       10035493	      32.27	      32.63	      32.97	      34.16	           	       0.00	  100354.93	  124928.00	  145776.00	      -0.54	      -0.45	      -0.19	
 2016/09/06	   31.73	   33.50	   31.50	   32.94	       28807092	      32.35	      32.61	      32.96	      34.16	           	       0.00	  288070.91	  162299.20	  152008.00	      -0.48	      -0.45	      -0.05	
 2016/09/07	   32.90	   32.90	   32.11	   32.22	       18107996	      32.21	      32.50	      32.90	      34.17	           	       0.00	  181079.95	  167531.20	  153756.00	      -0.48	      -0.46	      -0.04	
 2016/09/08	   32.38	   33.26	   32.25	   32.81	       25338608	      32.29	      32.47	      32.93	      34.14	           	       0.00	  253386.08	  194176.00	  162355.20	      -0.42	      -0.45	       0.05	
 2016/09/09	   32.90	   33.19	   32.26	   32.32	       17990698	      32.39	      32.41	      32.93	      34.10	           	       0.00	  179906.98	  200558.41	  166787.20	      -0.42	      -0.44	       0.05	
 2016/09/12	   31.35	   31.65	   30.00	   30.45	       24086396	      32.15	      32.21	      32.79	      34.03	           	       0.00	  240863.95	  228660.80	  176794.41	      -0.56	      -0.47	      -0.18	
 2016/09/13	   30.46	   30.88	   29.88	   30.12	       16760386	      31.58	      31.97	      32.59	      33.94	           	       0.00	  167603.86	  204568.00	  183433.59	      -0.69	      -0.51	      -0.35	
 2016/09/14	   29.99	   29.99	   28.88	   29.14	       20982776	      30.97	      31.59	      32.36	      33.85	           	       0.00	  209827.77	  210316.80	  188924.00	      -0.86	      -0.58	      -0.56	
 2016/09/19	   29.15	   30.30	   29.15	   29.83	       18617756	      30.37	      31.33	      32.18	      33.78	           	       0.00	  186177.56	  196876.80	  195526.41	      -0.93	      -0.65	      -0.56	
 2016/09/20	   29.82	   30.70	   29.24	   30.20	       18956350	      29.95	      31.17	      32.01	      33.72	           	       0.00	  189563.50	  198808.00	  199683.20	      -0.94	      -0.71	      -0.47	
 2016/09/21	   29.96	   30.54	   29.90	   30.00	       10125270	      29.86	      31.00	      31.82	      33.69	           	       0.00	  101252.70	  170886.41	  199773.59	      -0.96	      -0.76	      -0.40	
 2016/09/22	   30.22	   30.38	   29.80	   29.84	        9708315	      29.80	      30.69	      31.65	      33.64	           	       0.00	   97083.15	  156780.80	  180674.41	      -0.97	      -0.80	      -0.34	
 2016/09/23	   29.89	   29.99	   29.40	   29.41	        9720111	      29.86	      30.41	      31.46	      33.60	           	       0.00	   97201.11	  134256.00	  172286.41	      -1.01	      -0.84	      -0.33	
 2016/09/26	   29.12	   29.35	   27.90	   27.93	       17485382	      29.48	      29.92	      31.20	      33.50	           	       0.00	  174853.81	  131990.41	  164433.59	      -1.14	      -0.90	      -0.48	
 2016/09/27	   27.90	   28.48	   27.78	   28.20	       15289260	      29.08	      29.51	      30.96	      33.41	           	       0.00	  152892.59	  124656.00	  161732.00	      -1.21	      -0.96	      -0.50	
 2016/09/28	   28.22	   28.85	   28.19	   28.46	       14304559	      28.77	      29.31	      30.76	      33.33	           	       0.00	  143045.59	  133014.41	  151950.41	      -1.23	      -1.02	      -0.43	
 2016/09/29	   28.42	   28.58	   28.14	   28.18	        8710655	      28.44	      29.12	      30.54	      33.23	           	       0.00	   87106.55	  131019.20	  143900.00	      -1.26	      -1.07	      -0.38	
 2016/09/30	   28.11	   29.23	   28.11	   28.83	       14062777	      28.32	      29.09	      30.34	      33.13	           	       0.00	  140627.77	  139705.59	  136980.80	      -1.21	      -1.09	      -0.23	
 2016/10/10	   28.90	   29.48	   28.90	   29.41	       14169444	      28.62	      29.05	      30.19	      33.05	           	       0.00	  141694.44	  133073.59	  132532.00	      -1.11	      -1.10	      -0.03	
 2016/10/11	   29.49	   29.89	   29.10	   29.32	       12611158	      28.84	      28.96	      30.06	      32.91	           	       0.00	  126111.58	  127718.40	  126187.20	      -1.03	      -1.08	       0.11	
 2016/10/12	   29.23	   29.58	   28.95	   29.32	        8293434	      29.01	      28.89	      29.95	      32.77	           	       0.00	   82934.34	  115696.00	  124355.20	      -0.96	      -1.06	       0.21	
 2016/10/13	   29.25	   29.46	   29.05	   29.16	        8667743	      29.21	      28.82	      29.76	      32.67	           	       0.00	   86677.43	  115609.60	  123314.40	      -0.90	      -1.03	       0.26	
 2016/10/14	   29.21	   29.35	   28.88	   29.17	        9284160	      29.28	      28.80	      29.61	      32.55	           	       0.00	   92841.60	  106051.20	  122878.40	      -0.84	      -0.99	       0.29	
 2016/10/17	   29.21	   30.34	   29.15	   29.84	       29817642	      29.36	      28.99	      29.46	      32.43	           	       0.00	  298176.41	  137347.20	  135210.41	      -0.74	      -0.94	       0.41	
 2016/10/18	   29.70	   31.90	   29.60	   31.63	       43737460	      29.82	      29.33	      29.42	      32.31	           	       0.00	  437374.59	  199600.00	  163659.20	      -0.50	      -0.85	       0.70	
 2016/10/19	   31.69	   31.69	   30.85	   31.23	       26101448	      30.21	      29.61	      29.46	      32.19	           	       0.00	  261014.48	  235216.00	  175456.00	      -0.34	      -0.75	       0.81	
 2016/10/20	   31.25	   32.30	   31.00	   31.62	       30554396	      30.70	      29.95	      29.54	      32.08	           	       0.00	  305543.97	  278990.41	  197300.00	      -0.18	      -0.64	       0.90	
 2016/10/21	   31.43	   31.60	   30.51	   31.03	       20114122	      31.07	      30.17	      29.63	      31.96	           	       0.00	  201141.22	  300651.19	  203351.20	      -0.10	      -0.53	       0.85	
 2016/10/24	   31.23	   31.38	   31.00	   31.19	       13034499	      31.34	      30.35	      29.70	      31.84	           	       0.00	  130344.99	  267084.81	  202216.00	      -0.03	      -0.43	       0.80	
 2016/10/25	   31.38	   31.87	   31.21	   31.34	       17972728	      31.28	      30.55	      29.76	      31.75	           	       0.00	  179727.28	  215555.20	  207577.59	       0.04	      -0.34	       0.76	
 2016/10/26	   31.23	   31.80	   30.71	   31.51	       20840016	      31.34	      30.77	      29.83	      31.69	           	       0.00	  208400.16	  205032.00	  220124.00	       0.11	      -0.25	       0.72	
 2016/10/27	   31.61	   32.49	   31.40	   31.99	       29633774	      31.41	      31.05	      29.94	      31.64	           	       0.00	  296337.75	  203190.41	  241090.41	       0.20	      -0.16	       0.72	
 2016/10/28	   31.99	   32.00	   31.41	   31.45	       16950464	      31.50	      31.28	      30.04	      31.59	           	       0.00	  169504.64	  196862.41	  248756.80	       0.23	      -0.08	       0.62	
 2016/10/31	   31.18	   32.32	   31.02	   32.17	       26729912	      31.69	      31.52	      30.25	      31.56	           	       0.00	  267299.13	  224252.80	  245668.80	       0.31	      -0.00	       0.61	
 2016/11/01	   32.01	   32.48	   31.72	   32.19	       21530588	      31.86	      31.57	      30.45	      31.53	           	       0.00	  215305.88	  231369.59	  223462.41	       0.36	       0.07	       0.58	
 2016/11/02	   32.04	   32.15	   31.41	   31.48	       20287756	      31.86	      31.60	      30.60	      31.51	           	       0.00	  202877.56	  230264.00	  217648.00	       0.35	       0.13	       0.44	
 2016/11/03	   31.24	   31.95	   31.16	   31.26	       16928456	      31.71	      31.56	      30.76	      31.48	           	       0.00	  169284.56	  204854.41	  204022.41	       0.31	       0.16	       0.30	
 2016/11/04	   31.40	   31.50	   30.52	   30.64	       18141248	      31.55	      31.52	      30.85	      31.44	           	       0.00	  181412.48	  207236.80	  202049.59	       0.23	       0.18	       0.11	
 2016/11/07	   30.40	   31.19	   30.30	   30.67	       11124610	      31.25	      31.47	      30.91	      31.39	           	       0.00	  111246.10	  176025.59	  200139.20	       0.17	       0.18	      -0.01	
 2016/11/08	   30.89	   31.17	   30.50	   30.67	        9316989	      30.94	      31.40	      30.98	      31.35	           	       0.00	   93169.89	  151598.41	  191484.00	       0.12	       0.16	      -0.09	
 2016/11/09	   30.63	   30.79	   29.60	   29.96	       17188928	      30.64	      31.25	      31.01	      31.31	           	       0.00	  171889.28	  145401.59	  187832.80	       0.02	       0.14	      -0.23	
 2016/11/10	   30.25	   30.58	   30.06	   30.18	       12382376	      30.42	      31.07	      31.06	      31.26	           	       0.00	  123823.76	  136308.80	  170581.59	      -0.04	       0.10	      -0.28	
 2016/11/11	   30.20	   31.16	   29.80	   30.95	       24372544	      30.49	      31.02	      31.15	      31.22	           	       0.00	  243725.44	  148769.59	  178003.20	      -0.02	       0.08	      -0.20	
 2016/11/14	   30.69	   30.86	   30.35	   30.50	       15403992	      30.45	      30.85	      31.18	      31.19	           	       0.00	  154039.92	  157329.59	  166677.59	      -0.05	       0.05	      -0.20	
 2016/11/15	   30.36	   30.58	   30.17	   30.42	        9888827	      30.40	      30.67	      31.12	      31.16	           	       0.00	   98888.27	  158472.00	  155035.20	      -0.07	       0.03	      -0.20	
 2016/11/16	   30.49	   30.93	   30.49	   30.55	       13629633	      30.52	      30.58	      31.09	      31.11	           	       0.00	  136296.33	  151353.59	  148377.59	      -0.08	       0.01	      -0.17	
 2016/11/17	   30.54	   30.54	   29.94	   30.07	       11533853	      30.50	      30.46	      31.01	      31.05	           	       0.00	  115338.53	  149657.59	  142983.20	      -0.12	      -0.02	      -0.21	
 2016/11/18	   30.10	   30.18	   29.78	   29.79	       10089547	      30.27	      30.38	      30.95	      30.98	           	       0.00	  100895.47	  121092.80	  134931.20	      -0.18	      -0.05	      -0.25	
 2016/11/21	   29.76	   29.90	   29.45	   29.65	        9211280	      30.10	      30.27	      30.87	      30.92	           	       0.00	   92112.80	  108707.20	  133018.41	      -0.23	      -0.09	      -0.29	
 2016/11/22	   29.66	   30.26	   29.61	   30.25	       15111956	      30.06	      30.23	      30.82	      30.86	           	       0.00	  151119.56	  119153.60	  138812.80	      -0.22	      -0.11	      -0.21	
 2016/11/23	   30.50	   30.95	   30.15	   30.19	       18359238	      29.99	      30.26	      30.75	      30.80	           	       0.00	  183592.38	  128612.80	  139983.20	      -0.22	      -0.13	      -0.16	
 2016/11/24	   30.18	   30.18	   29.66	   29.78	       11398330	      29.93	      30.21	      30.64	      30.74	           	       0.00	  113983.30	  128340.80	  138999.20	      -0.24	      -0.16	      -0.17	
 2016/11/25	   29.89	   30.27	   29.00	   30.09	       15489991	      29.99	      30.13	      30.57	      30.69	           	       0.00	  154899.91	  139140.80	  130116.80	      -0.23	      -0.17	      -0.13	
 2016/11/28	   30.09	   30.38	   29.70	   29.96	       12951141	      30.05	      30.08	      30.46	      30.64	           	       0.00	  129511.41	  146620.80	  127664.00	      -0.24	      -0.18	      -0.10	
 2016/11/29	   29.90	   30.00	   29.40	   29.40	       10965462	      29.88	      29.97	      30.32	      30.58	           	       0.00	  109654.62	  138328.00	  128740.80	      -0.28	      -0.20	      -0.15	
 2016/11/30	   29.30	   29.96	   29.21	   29.50	        8921532	      29.75	      29.87	      30.22	      30.53	           	       0.00	   89215.32	  119452.80	  124032.80	      -0.30	      -0.22	      -0.16	
 2016/12/01	   29.66	   29.80	   29.30	   29.40	        7514626	      29.67	      29.80	      30.13	      30.48	           	       0.00	   75146.26	  111684.80	  120012.80	      -0.33	      -0.24	      -0.16	
 2016/12/02	   29.50	   29.59	   29.01	   29.04	        9118135	      29.46	      29.73	      30.05	      30.41	           	       0.00	   91181.35	   98942.40	  119041.60	      -0.37	      -0.27	      -0.20	
 2016/12/05	   28.81	   29.50	   28.68	   29.05	        7044771	      29.28	      29.67	      29.97	      30.36	           	       0.00	   70447.71	   87129.60	  116875.20	      -0.40	      -0.29	      -0.21	
 2016/12/06	   29.20	   30.69	   29.04	   30.35	       21839940	      29.47	      29.68	      29.95	      30.33	           	       0.00	  218399.41	  108878.40	  123603.20	      -0.31	      -0.30	      -0.03	
 2016/12/07	   29.97	   30.64	   29.90	   30.26	       17694428	      29.62	      29.68	      29.97	      30.31	           	       0.00	  176944.28	  126424.00	  122938.40	      -0.25	      -0.29	       0.08	
 2016/12/08	   30.29	   30.88	   30.06	   30.57	       22954036	      29.85	      29.76	      29.99	      30.27	           	       0.00	  229540.36	  157302.41	  134493.59	      -0.17	      -0.26	       0.19	
 2016/12/09	   30.70	   31.09	   30.21	   30.32	       18157044	      30.11	      29.79	      29.96	      30.24	           	       0.00	  181570.44	  175380.80	  137161.59	      -0.13	      -0.24	       0.22	
 2016/12/12	   30.00	   30.19	   29.00	   29.26	       21493760	      30.15	      29.72	      29.90	      30.18	           	       0.00	  214937.59	  204278.41	  145704.00	      -0.18	      -0.23	       0.10	
 2016/12/13	   29.07	   29.58	   29.01	   29.06	       10874164	      29.89	      29.68	      29.83	      30.12	           	       0.00	  108741.64	  182345.59	  145612.00	      -0.23	      -0.23	      -0.01	
 2016/12/14	   29.00	   29.28	   27.74	   28.40	       17748976	      29.52	      29.57	      29.72	      30.09	           	       0.00	  177489.77	  182456.00	  154440.00	      -0.32	      -0.25	      -0.15	
 2016/12/15	   28.12	   28.90	   28.10	   28.53	       10481518	      29.11	      29.48	      29.64	      30.06	           	       0.00	  104815.18	  157512.00	  157407.20	      -0.38	      -0.27	      -0.21	
 2016/12/16	   28.40	   28.90	   28.36	   28.56	        8071807	      28.76	      29.44	      29.58	      30.05	           	       0.00	   80718.07	  137339.20	  156360.00	      -0.42	      -0.30	      -0.23	
 2016/12/19	   28.45	   28.67	   28.04	   28.11	        7900621	      28.53	      29.34	      29.50	      30.02	           	       0.00	   79006.21	  110153.60	  157216.00	      -0.48	      -0.34	      -0.28	
 2016/12/20	   28.15	   28.58	   28.07	   28.23	        7370857	      28.37	      29.13	      29.40	      29.99	           	       0.00	   73708.57	  103148.80	  142747.20	      -0.51	      -0.37	      -0.28	
 2016/12/21	   28.25	   28.45	   28.11	   28.31	        6393024	      28.35	      28.94	      29.31	      29.96	           	       0.00	   63930.24	   80435.20	  131445.59	      -0.53	      -0.40	      -0.25	
 2016/12/22	   28.33	   28.39	   28.08	   28.13	        5589321	      28.27	      28.69	      29.23	      29.94	           	       0.00	   55893.21	   70651.20	  114081.60	      -0.54	      -0.43	      -0.23	
 2016/12/23	   28.18	   28.26	   27.17	   27.22	       10885243	      28.00	      28.38	      29.08	      29.90	           	       0.00	  108852.43	   76278.40	  106808.80	      -0.63	      -0.47	      -0.31	
 2016/12/26	   27.20	   27.80	   26.36	   27.65	       12261989	      27.91	      28.22	      28.97	      29.89	           	       0.00	  122619.89	   85001.60	   97577.60	      -0.65	      -0.51	      -0.29	
 2016/12/27	   27.56	   27.79	   27.13	   27.68	        6867342	      27.80	      28.08	      28.88	      29.89	           	       0.00	   68673.42	   83993.60	   93571.20	      -0.66	      -0.54	      -0.24	
 2016/12/28	   27.58	   27.98	   27.36	   27.62	        8048425	      27.66	      28.00	      28.79	      29.87	           	       0.00	   80484.25	   87304.00	   83869.60	      -0.66	      -0.56	      -0.20	
 2016/12/29	   27.19	   27.45	   26.85	   26.88	        7719478	      27.41	      27.84	      28.66	      29.85	           	       0.00	   77194.78	   91564.80	   81108.00	      -0.71	      -0.59	      -0.24	
 2016/12/30	   27.00	   27.14	   26.43	   26.51	        6603702	      27.27	      27.63	      28.53	      29.81	           	       0.00	   66037.02	   83001.60	   79640.00	      -0.78	      -0.63	      -0.30	
 2017/01/03	   26.46	   26.95	   26.46	   26.54	        6388227	      27.05	      27.48	      28.41	      29.76	           	       0.00	   63882.27	   71254.40	   78128.00	      -0.82	      -0.67	      -0.30	
 2017/01/04	   26.63	   28.83	   26.53	   28.27	       28263528	      27.16	      27.48	      28.31	      29.75	           	       0.00	  282635.28	  114046.40	   99020.00	      -0.70	      -0.67	      -0.05	
 2017/01/05	   28.05	   28.45	   27.91	   28.15	       14844820	      27.27	      27.46	      28.20	      29.73	           	       0.00	  148448.20	  127640.00	  107472.00	      -0.61	      -0.66	       0.10	
 2017/01/06	   27.94	   28.15	   27.31	   27.39	       13127933	      27.37	      27.39	      28.04	      29.70	           	       0.00	  131279.33	  138456.00	  115010.40	      -0.59	      -0.65	       0.11	
 2017/01/09	   27.31	   28.42	   27.21	   27.72	       18418656	      27.61	      27.44	      27.91	      29.67	           	       0.00	  184186.56	  162086.41	  122544.00	      -0.55	      -0.63	       0.16	
 2017/01/10	   27.58	   27.74	   27.18	   27.26	       10632545	      27.76	      27.40	      27.81	      29.63	           	       0.00	  106325.45	  170574.41	  120914.40	      -0.54	      -0.61	       0.14	
 2017/01/11	   27.29	   27.60	   27.04	   27.40	        8596969	      27.58	      27.37	      27.73	      29.56	           	       0.00	   85969.69	  131241.59	  122644.00	      -0.52	      -0.59	       0.15	
 2017/01/12	   27.39	   27.87	   27.23	   27.64	       12675339	      27.48	      27.38	      27.69	      29.50	           	       0.00	  126753.39	  126902.40	  127271.20	      -0.48	      -0.57	       0.18	
 2017/01/13	   27.75	   27.75	   27.03	   27.11	        8588226	      27.43	      27.40	      27.62	      29.42	           	       0.00	   85882.26	  117824.00	  128140.00	      -0.48	      -0.55	       0.14	
 2017/01/16	   26.91	   27.08	   24.40	   25.58	       13557041	      27.00	      27.31	      27.47	      29.33	           	       0.00	  135570.41	  108100.80	  135093.59	      -0.60	      -0.56	      -0.08	
 2017/01/17	   25.58	   25.92	   25.10	   25.81	        8036756	      26.71	      27.23	      27.35	      29.24	           	       0.00	   80367.56	  102908.80	  136741.59	      -0.67	      -0.58	      -0.17	
 2017/01/18	   26.02	   26.47	   25.67	   25.72	        7875552	      26.37	      26.98	      27.23	      29.15	           	       0.00	   78755.52	  101465.60	  116353.60	      -0.72	      -0.61	      -0.22	
 2017/01/19	   25.60	   26.00	   25.25	   25.54	        6793561	      25.95	      26.72	      27.09	      29.05	           	       0.00	   67935.61	   89702.40	  108302.40	      -0.77	      -0.64	      -0.26	
 2017/01/20	   25.52	   26.06	   25.52	   25.85	        8504632	      25.70	      26.56	      26.98	      28.95	           	       0.00	   85046.32	   89534.40	  103679.20	      -0.77	      -0.67	      -0.21	
 2017/01/23	   25.93	   26.26	   25.85	   25.90	        6839023	      25.76	      26.38	      26.91	      28.86	           	       0.00	   68390.23	   76099.20	   92100.00	      -0.76	      -0.69	      -0.15	
 2017/01/24	   25.85	   26.10	   25.79	   25.94	        5150890	      25.79	      26.25	      26.83	      28.75	           	       0.00	   51508.90	   70326.40	   86617.60	      -0.74	      -0.70	      -0.09	
 2017/01/25	   25.85	   26.06	   25.73	   25.83	        5860470	      25.81	      26.09	      26.73	      28.65	           	       0.00	   58604.70	   66297.60	   83881.60	      -0.73	      -0.70	      -0.05	
 2017/01/26	   25.96	   26.12	   25.84	   26.12	        6169934	      25.93	      25.94	      26.66	      28.56	           	       0.00	   61699.34	   65049.60	   77376.00	      -0.69	      -0.70	       0.03	
 2017/02/03	   26.20	   26.36	   25.80	   25.89	        4329971	      25.94	      25.82	      26.61	      28.47	           	       0.00	   43299.71	   56700.80	   73117.60	      -0.66	      -0.69	       0.06	
 2017/02/06	   25.80	   26.16	   25.70	   26.10	        6433381	      25.98	      25.87	      26.59	      28.39	           	       0.00	   64333.81	   55889.60	   65994.40	      -0.62	      -0.68	       0.12	
 2017/02/07	   26.00	   26.14	   25.53	   25.73	        9222429	      25.93	      25.86	      26.55	      28.31	           	       0.00	   92224.29	   64033.60	   67180.00	      -0.61	      -0.66	       0.11	
 2017/02/08	   25.89	   26.19	   25.79	   26.12	       10539540	      25.99	      25.90	      26.44	      28.23	           	       0.00	  105395.40	   73390.40	   69844.00	      -0.56	      -0.64	       0.16	
 2017/02/09	   26.13	   27.69	   25.98	   26.82	       18738272	      26.13	      26.03	      26.37	      28.18	           	       0.00	  187382.72	   98528.00	   81788.80	      -0.46	      -0.61	       0.29	
 2017/02/10	   26.82	   27.08	   26.40	   26.80	       12048787	      26.31	      26.13	      26.34	      28.12	           	       0.00	  120487.87	  113964.80	   85332.80	      -0.38	      -0.56	       0.36	
 2017/02/13	   26.72	   27.19	   26.65	   27.02	       10164062	      26.50	      26.24	      26.31	      28.06	           	       0.00	  101640.62	  121425.60	   88657.60	      -0.30	      -0.51	       0.43	
 2017/02/14	   27.02	   27.15	   26.81	   27.06	        7795865	      26.76	      26.35	      26.30	      28.00	           	       0.00	   77958.65	  118572.80	   91303.20	      -0.22	      -0.45	       0.46	
 2017/02/15	   27.06	   27.06	   26.33	   26.38	       10492505	      26.82	      26.40	      26.25	      27.93	           	       0.00	  104925.05	  118478.40	   95934.40	      -0.22	      -0.41	       0.38	
 2017/02/16	   26.32	   26.88	   26.28	   26.59	        9730363	      26.77	      26.45	      26.20	      27.87	           	       0.00	   97303.63	  100462.40	   99495.20	      -0.19	      -0.36	       0.34	
 2017/02/17	   26.59	   26.59	   26.11	   26.15	        8978937	      26.64	      26.48	      26.15	      27.80	           	       0.00	   89789.37	   94323.20	  104144.00	      -0.21	      -0.33	       0.25	
 2017/02/20	   26.16	   26.45	   25.98	   26.33	        7032817	      26.50	      26.50	      26.19	      27.75	           	       0.00	   70328.17	   88060.80	  104743.20	      -0.20	      -0.31	       0.21	
 2017/02/21	   26.48	   26.94	   26.38	   26.88	       14861625	      26.47	      26.62	      26.24	      27.70	           	       0.00	  148616.25	  102192.00	  110382.40	      -0.15	      -0.28	       0.25	
 2017/02/22	   26.90	   28.38	   26.74	   27.46	       28804184	      26.68	      26.75	      26.33	      27.65	           	       0.00	  288041.84	  138816.00	  128647.20	      -0.06	      -0.23	       0.34	
 2017/02/23	   27.30	   29.28	   27.20	   28.89	       46771988	      27.14	      26.96	      26.49	      27.63	           	       0.00	  467719.88	  212899.20	  156680.80	       0.12	      -0.16	       0.56	
 2017/02/24	   28.64	   29.10	   28.40	   28.64	       26991916	      27.64	      27.14	      26.63	      27.61	           	       0.00	  269919.16	  248924.80	  171624.00	       0.24	      -0.08	       0.65	
 2017/02/27	   28.88	   29.50	   28.50	   28.59	       22372676	      28.09	      27.30	      26.77	      27.59	           	       0.00	  223726.77	  279604.81	  183832.80	       0.33	       0.00	       0.66	
 2017/02/28	   28.59	   29.22	   28.44	   28.70	       21891872	      28.46	      27.46	      26.90	      27.57	           	       0.00	  218918.72	  293665.59	  197928.80	       0.41	       0.08	       0.65	
 2017/03/01	   28.58	   28.78	   27.97	   28.56	       22708674	      28.68	      27.68	      27.04	      27.55	           	       0.00	  227086.73	  281475.19	  210145.59	       0.45	       0.15	       0.59	
 2017/03/02	   28.65	   29.48	   28.34	   29.05	       31153060	      28.71	      27.92	      27.19	      27.54	           	       0.00	  311530.59	  250236.80	  231568.00	       0.52	       0.23	       0.58	
 2017/03/03	   28.88	   31.96	   28.86	   31.76	       77993688	      29.33	      28.49	      27.48	      27.58	           	       0.00	  779936.88	  352240.00	  300582.41	       0.78	       0.34	       0.88	
 2017/03/06	   32.07	   33.92	   32.07	   32.86	       81962240	      30.19	      29.14	      27.82	      27.65	           	       0.00	  819622.38	  471419.19	  375512.00	       1.06	       0.48	       1.16	
 2017/03/07	   33.30	   34.94	   32.66	   33.16	       61492110	      31.08	      29.77	      28.19	      27.72	  614921.13	       1.00	  614921.13	  550619.19	  422142.41	       1.30	       0.65	       1.31	
数据来源:通达信
