2011/10/10 6.31 6.36 6.07 6.09 1474316 38018496.00
2011/10/11 6.31 6.34 5.93 6.08 1695496 43638156.00
2011/10/12 6.00 6.31 5.91 6.31 2302427 59636464.00
2011/10/13 6.26 6.70 6.24 6.52 3819498 103286256.00
2011/10/14 6.45 6.54 6.32 6.46 2322259 62005204.00
2011/10/17 6.48 6.58 6.39 6.46 2019756 54399996.00
2011/10/18 6.39 6.55 6.14 6.15 2524496 67069948.00
2011/10/19 6.19 6.28 5.99 6.12 1635877 41820720.00
2011/10/20 6.01 6.12 5.63 5.71 2519178 60728592.00
2011/10/21 5.67 5.70 5.49 5.49 1532163 35675380.00
2011/10/24 5.53 5.64 5.34 5.64 1753758 40594340.00
2011/10/25 5.64 5.87 5.54 5.81 2535375 60841752.00
2011/10/26 5.75 6.11 5.72 5.89 3207162 79422448.00
2011/10/27 5.93 6.07 5.87 5.91 2713820 67638440.00
2011/10/28 6.08 6.11 5.93 6.06 2714617 68414608.00
2011/10/31 6.16 6.69 6.16 6.69 9424749 260046384.00
2011/11/01 6.59 7.04 6.54 6.88 10806219 304528064.00
2011/11/02 6.68 6.93 6.58 6.89 6472418 181252768.00
2011/11/03 6.86 7.15 6.76 6.85 7369039 212832608.00
2011/11/04 6.96 6.96 6.74 6.78 3952179 111924584.00
2011/11/07 6.79 6.88 6.61 6.67 2541927 70910296.00
2011/11/08 6.66 6.98 6.64 6.88 5185294 147360272.00
2011/11/09 6.85 6.98 6.67 6.97 4282475 122059896.00
2011/11/10 6.85 6.93 6.75 6.75 3386769 96253072.00
2011/11/11 6.76 6.83 6.56 6.71 2944987 81715184.00
2011/11/14 6.90 7.39 6.89 7.33 11142598 331538560.00
2011/11/15 7.31 7.39 7.14 7.20 6791924 203624320.00
2011/11/16 7.13 7.19 6.85 6.89 4595958 133354584.00
2011/11/17 6.90 7.01 6.81 6.90 2985497 85698832.00
2011/11/18 6.81 6.84 6.60 6.61 2450034 68213648.00
2011/11/21 6.62 6.72 6.57 6.72 2196746 60694324.00
2011/11/22 6.62 6.69 6.41 6.58 1853749 50629740.00
2011/11/23 6.59 6.67 6.46 6.47 1507847 41050480.00
2011/11/24 6.24 6.43 6.16 6.34 2450273 64042308.00
2011/11/25 6.34 6.43 6.21 6.23 1732324 45657964.00
2011/11/28 6.29 6.38 6.20 6.25 1615791 42346532.00
2011/11/29 6.40 6.48 6.36 6.41 2757672 73632784.00
2011/11/30 6.41 6.43 5.76 6.01 3534717 89433312.00
2011/12/01 6.24 6.31 6.11 6.16 3108801 80593704.00
2011/12/02 6.09 6.09 5.85 5.89 2159276 53519312.00
2011/12/05 5.74 5.85 5.60 5.60 1527695 36425468.00
2011/12/06 5.67 5.84 5.64 5.74 2066470 49776304.00
2011/12/07 5.75 5.83 5.71 5.77 1447242 34926968.00
2011/12/08 5.74 5.91 5.62 5.85 2370226 57363648.00
2011/12/09 5.78 5.89 5.74 5.85 1413602 34407628.00
2011/12/12 5.88 6.03 5.82 5.82 1877746 46533828.00
2011/12/13 5.69 5.74 5.48 5.52 1927559 44870568.00
2011/12/14 5.47 5.55 5.41 5.42 1611684 36973428.00
2011/12/15 5.34 5.34 5.15 5.16 2007960 44278660.00
2011/12/16 5.22 5.44 5.16 5.43 1487937 33059124.00
2011/12/19 5.41 5.59 5.30 5.58 2696150 62113080.00
2011/12/20 5.54 5.66 5.49 5.49 1609466 37470532.00
2011/12/21 5.59 5.61 5.26 5.26 1469351 33610532.00
2011/12/22 5.20 5.23 4.93 5.16 1860439 39576696.00
2011/12/23 5.11 5.28 5.08 5.19 1265374 27620740.00
2011/12/26 5.19 5.30 5.09 5.09 1006792 21999298.00
2011/12/27 5.04 5.07 4.81 4.84 1289443 26872932.00
2011/12/28 4.78 4.83 4.57 4.78 1575123 31245914.00
2011/12/29 4.71 4.83 4.67 4.76 1013715 20406050.00
2011/12/30 4.79 4.94 4.79 4.93 1163442 23948096.00
2012/01/04 5.00 5.04 4.68 4.68 1596840 32839402.00
2012/01/05 4.65 4.74 4.44 4.44 1689398 32855812.00
2012/01/06 4.39 4.54 4.25 4.50 1454783 26874134.00
2012/01/09 4.49 4.78 4.42 4.78 1786172 35150972.00
2012/01/10 4.76 5.11 4.72 5.03 3069283 64202904.00
2012/01/11 5.02 5.32 4.94 5.13 3611224 78181464.00
2012/01/12 5.04 5.23 5.01 5.17 2845162 61452192.00
2012/01/13 5.11 5.21 4.81 4.89 2503073 52483424.00
2012/01/16 4.77 4.86 4.56 4.58 1527464 30363886.00
2012/01/17 4.59 5.06 4.58 5.06 2940388 60595364.00
2012/01/18 5.08 5.36 4.97 5.03 3486450 75735464.00
2012/01/19 4.92 5.36 4.92 5.34 3555577 77343440.00
2012/01/20 5.36 5.39 5.18 5.24 2510561 55307508.00
2012/01/30 5.28 5.34 5.14 5.15 1924348 42394316.00
2012/01/31 5.14 5.23 5.07 5.20 1672168 36207908.00
2012/02/01 5.17 5.24 4.99 5.01 1788943 38466000.00
2012/02/02 4.99 5.18 4.96 5.16 1908689 40730408.00
2012/02/03 5.18 5.31 5.11 5.29 3010540 66410416.00
2012/02/06 5.29 5.34 5.22 5.32 2243331 49729284.00
2012/02/07 5.24 5.27 5.14 5.19 2071667 45274212.00
2012/02/08 5.19 5.48 5.15 5.48 4307673 97131912.00
2012/02/09 5.51 5.58 5.41 5.44 4046685 93201784.00
2012/02/10 5.37 5.57 5.37 5.46 3029525 69463992.00
2012/02/13 5.40 5.58 5.39 5.53 2859402 66012184.00
2012/02/14 5.53 5.56 5.44 5.50 2238048 51422208.00
2012/02/15 5.44 5.70 5.44 5.60 3627182 84973200.00
2012/02/16 5.56 5.61 5.45 5.57 2950886 68483288.00
2012/02/17 5.62 6.11 5.62 5.85 8267866 203004128.00
2012/02/20 5.80 5.86 5.77 5.80 3778388 91789904.00
2012/02/21 5.76 5.84 5.62 5.81 2568727 61640184.00
2012/02/22 5.81 5.92 5.75 5.91 3291160 80586296.00
2012/02/23 5.88 5.95 5.76 5.86 3038151 74528312.00
2012/02/24 5.86 5.93 5.77 5.89 2803530 68479088.00
2012/02/27 5.91 6.00 5.85 5.87 3750046 92942384.00
2012/02/28 5.78 5.85 5.63 5.73 2702062 64793196.00
2012/02/29 5.70 5.82 5.65 5.69 1947730 46771208.00
2012/03/01 5.69 5.75 5.64 5.72 1486356 35449712.00
2012/03/02 5.76 5.95 5.76 5.92 3868604 95425160.00
2012/03/05 5.93 6.09 5.87 6.09 4527970 113270352.00
2012/03/06 6.16 6.24 5.99 6.06 4965404 126525768.00
2012/03/07 5.94 6.06 5.90 5.94 2861026 71362872.00
2012/03/08 5.99 6.24 5.99 6.08 3957346 101253672.00
2012/03/09 6.10 6.20 6.03 6.12 3373066 85758248.00
2012/03/12 6.11 6.17 6.01 6.08 2986784 75914984.00
2012/03/13 6.02 6.11 5.95 6.10 2692365 67600536.00
2012/03/14 6.10 6.23 5.69 5.73 5104464 127559616.00
2012/03/15 5.73 5.79 5.46 5.58 2727498 63991184.00
2012/03/16 5.53 5.95 5.52 5.93 3487772 83915328.00
2012/03/19 5.87 6.15 5.78 6.05 3539390 88287928.00
2012/03/20 6.07 6.20 5.99 6.06 5020691 127904776.00
2012/03/21 6.11 6.48 5.97 6.40 8298206 216821216.00
2012/03/22 6.34 6.34 6.13 6.17 4290671 111126808.00
2012/03/23 6.12 6.26 5.96 6.01 3410656 86931408.00
2012/03/26 5.97 6.11 5.97 6.08 2197246 55314620.00
2012/03/27 6.11 6.23 6.07 6.13 2672442 68615952.00
2012/03/28 6.06 6.06 5.51 5.58 3788279 90518576.00
2012/03/29 5.55 5.55 5.26 5.37 1973938 44909744.00
2012/03/30 5.34 5.47 5.31 5.40 1434996 32457356.00
2012/04/05 5.39 5.59 5.34 5.59 1758047 40599128.00
2012/04/06 5.60 5.69 5.54 5.61 1791854 42176856.00
2012/04/09 5.56 5.74 5.35 5.64 2010593 46775840.00
2012/04/10 5.58 5.71 5.46 5.66 2170510 50743776.00
2012/04/12 5.71 5.74 5.56 5.73 2692531 63797428.00
2012/04/13 5.75 6.04 5.73 5.97 4156740 102088816.00
2012/04/16 5.93 6.05 5.88 5.98 2879033 71958528.00
2012/04/17 5.99 6.03 5.82 5.84 1753504 43211984.00
2012/04/18 5.86 6.09 5.85 6.09 2449344 61442672.00
2012/04/19 6.29 6.31 5.95 5.98 4431309 113398992.00
2012/04/20 5.96 6.01 5.86 5.95 2655366 65700892.00
2012/04/23 5.91 5.93 5.74 5.74 1998859 48553344.00
2012/04/24 5.73 6.28 5.49 6.08 6385037 159525696.00
2012/04/25 5.97 6.19 5.84 5.93 4659689 115831168.00
2012/04/26 5.96 5.96 5.78 5.83 2461925 60259752.00
2012/04/27 5.82 5.97 5.79 5.82 2064311 50725640.00
2012/05/02 5.96 6.08 5.80 5.99 4241828 105647784.00
2012/05/03 5.96 6.03 5.94 6.00 2416614 60512352.00
2012/05/04 6.00 6.14 5.96 6.13 3474098 88153392.00
2012/05/07 6.09 6.24 6.02 6.20 4071527 104598592.00
2012/05/08 6.17 6.20 6.03 6.11 2816311 71625368.00
2012/05/09 5.99 6.06 5.93 5.95 2509093 62733300.00
2012/05/10 5.89 6.11 5.89 6.04 2218935 55673772.00
2012/05/11 6.03 6.06 5.90 5.90 2270627 56493060.00
2012/05/14 5.94 5.97 5.76 5.78 1803712 44382784.00
2012/05/15 5.71 5.71 5.59 5.69 1817998 42902140.00
2012/05/16 5.68 5.76 5.64 5.69 1298884 31012352.00
2012/05/17 5.75 5.83 5.73 5.78 1338511 32102578.00
2012/05/18 5.77 6.16 5.75 5.88 4339171 107837000.00
2012/05/21 5.84 5.95 5.69 5.83 1912428 45973256.00
2012/05/22 5.89 5.94 5.84 5.91 1304099 31828048.00
2012/05/23 5.91 5.92 5.74 5.79 1439224 34635112.00
2012/05/24 5.78 5.90 5.72 5.76 1394178 33483392.00
2012/05/25 5.73 5.81 5.59 5.60 1478965 34845852.00
2012/05/28 5.59 5.71 5.40 5.69 1567714 36040588.00
2012/05/29 5.69 5.87 5.64 5.84 2437348 58668184.00
2012/05/30 5.84 6.02 5.84 5.93 3094586 76180456.00
2012/05/31 5.88 6.18 5.85 6.05 5639325 141909616.00
2012/06/01 6.02 6.18 6.02 6.12 3268356 82649680.00
2012/06/04 6.01 6.53 5.95 6.16 7852945 203551408.00
2012/06/05 6.18 6.28 6.05 6.12 4165140 106353840.00
2012/06/06 6.12 6.25 5.94 6.00 2295155 57862032.00
2012/06/07 6.14 6.24 6.04 6.07 2740354 69504864.00
2012/06/08 6.25 6.70 6.19 6.68 15456141 421249568.00
2012/06/11 6.51 6.61 6.29 6.59 9933622 265543440.00
2012/06/12 6.46 6.70 6.44 6.48 6580998 178570752.00
2012/06/13 6.43 6.58 6.33 6.52 5397629 144188432.00
2012/06/14 6.47 6.49 6.31 6.31 4991144 131932920.00
2012/06/15 6.29 6.45 6.19 6.42 4682678 122003800.00
2012/06/18 6.41 6.63 6.36 6.53 4497446 121497856.00
2012/06/19 6.46 6.49 6.29 6.31 3003635 79114088.00
2012/06/20 6.36 6.44 6.24 6.25 2221743 58149264.00
2012/06/21 6.21 6.40 6.19 6.27 2734532 71362328.00
2012/06/25 6.35 6.49 6.27 6.31 2896818 76162736.00
2012/06/26 6.24 6.24 5.84 5.99 3175811 78862264.00
2012/06/27 5.99 6.16 5.90 6.00 2356514 59222424.00
2012/06/28 5.99 6.14 5.98 6.03 1991909 50050404.00
2012/06/29 6.06 6.21 5.91 6.21 2328539 58686720.00
2012/07/02 6.29 6.41 6.17 6.26 2784251 72341744.00
2012/07/03 6.26 6.31 6.16 6.20 2732733 70511520.00
2012/07/04 6.24 6.40 6.21 6.35 3775051 98718152.00
2012/07/05 6.35 6.36 5.91 5.91 3581410 90244256.00
2012/07/06 5.93 6.11 5.84 6.09 2486353 61636628.00
2012/07/09 6.04 6.12 5.75 5.77 2665939 65505768.00
2012/07/10 5.80 5.86 5.71 5.72 1490906 35660776.00
2012/07/11 5.72 5.76 5.65 5.75 1370287 32454592.00
2012/07/12 5.73 5.98 5.69 5.92 2290858 55760244.00
2012/07/13 5.91 5.98 5.83 5.84 1378062 33562564.00
2012/07/16 5.86 5.88 5.40 5.44 2695502 62425152.00
2012/07/17 5.44 5.51 5.42 5.47 1149491 26059092.00
2012/07/18 5.46 5.54 5.36 5.52 1210049 27516554.00
2012/07/19 5.50 5.67 5.49 5.57 1336948 30998136.00
2012/07/20 5.57 5.60 5.45 5.46 1196270 27386496.00
2012/07/23 5.46 5.53 5.36 5.47 906051 20516304.00
2012/07/24 5.46 5.64 5.43 5.58 1308453 30280454.00
2012/07/25 5.57 5.64 5.50 5.51 1160410 26858566.00
2012/07/26 5.50 5.59 5.44 5.45 845077 19301544.00
2012/07/27 5.51 5.53 5.45 5.50 877022 19979934.00
2012/07/30 5.57 5.65 5.46 5.55 1731992 40016968.00
2012/07/31 5.49 5.68 5.25 5.61 2761848 62607388.00
2012/08/01 5.79 6.18 5.69 5.77 5097898 124282480.00
2012/08/02 5.71 5.76 5.54 5.63 2296152 53936460.00
2012/08/03 5.59 5.76 5.59 5.72 2349716 55598268.00
2012/08/06 5.66 5.89 5.65 5.86 2883646 69383688.00
2012/08/07 5.97 6.13 5.87 5.89 4100500 101293960.00
2012/08/08 5.86 5.96 5.82 5.84 2408400 58583324.00
2012/08/09 5.86 5.90 5.74 5.87 2343932 56749280.00
2012/08/10 5.87 5.88 5.71 5.72 2846942 68084608.00
2012/08/13 5.69 5.76 5.57 5.63 2194926 51515224.00
2012/08/14 5.62 5.66 5.47 5.59 1971668 45397328.00
2012/08/15 5.59 5.65 5.42 5.43 1947982 44603088.00
2012/08/16 5.43 5.49 5.43 5.44 1091977 24754998.00
2012/08/17 5.44 5.51 5.40 5.51 822070 18661570.00
2012/08/20 5.51 5.53 5.43 5.53 940148 21380922.00
2012/08/21 5.54 5.65 5.51 5.60 2331343 54102316.00
2012/08/22 5.61 5.67 5.52 5.56 1798238 41768180.00
2012/08/23 5.53 5.79 5.52 5.73 3871596 90838544.00
2012/08/24 5.77 5.78 5.58 5.71 4146799 97875688.00
2012/08/27 5.68 5.68 5.29 5.54 2796250 63799420.00
2012/08/28 5.47 5.54 5.42 5.47 1012699 23033280.00
2012/08/29 5.45 5.52 5.39 5.42 829029 18758886.00
2012/08/30 5.41 5.48 5.20 5.47 1965983 43824508.00
2012/08/31 5.39 5.43 5.33 5.35 846375 18906372.00
2012/09/03 5.33 5.43 5.24 5.40 1023836 22906100.00
2012/09/04 5.39 5.45 5.32 5.32 1096089 24586160.00
2012/09/05 5.32 5.38 5.29 5.34 674752 14952889.00
2012/09/06 5.38 5.64 5.31 5.46 2749266 62562424.00
2012/09/07 5.45 5.70 5.43 5.60 4390058 101824176.00
2012/09/10 5.63 5.67 5.55 5.62 2453941 57181640.00
2012/09/11 5.61 5.72 5.55 5.59 3195430 74936568.00
2012/09/12 5.61 5.70 5.57 5.63 2240454 52333324.00
2012/09/13 5.63 5.63 5.44 5.44 2485985 57210028.00
2012/09/14 5.56 5.61 5.47 5.53 2504688 57601836.00
2012/09/17 5.53 5.67 5.44 5.45 2832759 65571880.00
2012/09/18 5.35 5.35 5.24 5.33 2087844 46008472.00
2012/09/19 5.30 5.37 5.29 5.35 1300228 28791100.00
2012/09/20 5.35 5.36 5.06 5.06 2238150 48265848.00
2012/09/21 5.05 5.13 4.96 4.98 1624236 34146508.00
2012/09/24 4.97 5.15 4.81 5.06 1677405 34624624.00
2012/09/25 5.11 5.18 5.04 5.05 1468775 31214702.00
2012/09/26 5.05 5.05 4.84 4.86 1248645 25531390.00
2012/09/27 4.85 5.00 4.83 4.94 1484603 30567752.00
2012/09/28 4.91 5.04 4.89 5.03 1533534 31906966.00
2012/10/08 5.07 5.09 4.96 4.98 1055741 22030182.00
2012/10/09 5.01 5.13 4.99 5.12 1988673 42131012.00
2012/10/10 5.11 5.23 5.07 5.17 1623805 34888724.00
2012/10/11 5.15 5.15 5.00 5.01 1742031 36841072.00
2012/10/12 5.01 5.11 4.94 4.99 1152872 24064374.00
2012/10/15 5.00 5.03 4.94 5.00 1123731 23283862.00
2012/10/16 4.99 5.07 4.96 4.99 892665 18648858.00
2012/10/17 4.96 5.31 4.96 5.19 3885347 84052128.00
2012/10/18 5.21 5.34 5.15 5.28 4212703 92558728.00
2012/10/19 5.26 5.28 5.19 5.20 1802671 39194200.00
2012/10/22 5.17 5.21 5.13 5.18 1662772 35722776.00
2012/10/23 5.18 5.28 5.17 5.19 1489561 32385246.00
2012/10/24 5.17 5.20 5.08 5.09 1226023 26203458.00
2012/10/25 5.11 5.15 5.07 5.14 1420326 30225668.00
2012/10/26 5.30 5.41 5.17 5.18 4059997 88922248.00
2012/10/29 4.95 5.06 4.95 4.98 2016149 42048896.00
2012/10/30 4.96 5.07 4.96 5.00 862559 18028652.00
2012/10/31 5.01 5.08 4.99 5.08 848776 17832738.00
2012/11/01 5.08 5.17 5.04 5.14 1617810 34552120.00
2012/11/02 5.15 5.16 5.07 5.10 1220880 25922986.00
2012/11/05 5.09 5.12 5.01 5.03 1103745 23234648.00
2012/11/06 5.01 5.06 4.93 4.98 1344714 28019232.00
2012/11/07 5.03 5.09 4.98 5.05 1386415 29110312.00
2012/11/08 5.00 5.01 4.84 4.84 1171627 24048352.00
2012/11/09 4.83 4.90 4.76 4.77 993614 19982644.00
2012/11/12 4.77 4.89 4.77 4.87 1002232 20232346.00
2012/11/13 4.88 4.90 4.78 4.78 781902 15754621.00
2012/11/14 5.12 5.28 4.85 4.89 2417742 50413056.00
2012/11/15 4.78 4.79 4.58 4.65 2340371 45517692.00
2012/11/16 4.62 4.62 4.50 4.56 975793 18532302.00
2012/11/19 4.50 4.63 4.50 4.60 626566 11940337.00
2012/11/20 4.65 4.69 4.59 4.60 722121 13970781.00
2012/11/21 4.58 4.68 4.50 4.66 866183 16664740.00
2012/11/22 4.61 4.63 4.51 4.56 684155 13089797.00
2012/11/23 4.56 4.61 4.54 4.55 648122 12419483.00
2012/11/26 4.57 4.58 4.51 4.53 395616 7519998.50
2012/11/27 4.50 4.51 4.26 4.26 1151394 21016362.00
2012/11/28 4.25 4.25 4.01 4.02 1494786 25593628.00
2012/11/29 4.02 4.08 3.94 3.95 841402 14196875.00
2012/11/30 3.97 4.04 3.94 4.01 708579 11913456.00
2012/12/03 4.01 4.07 3.81 3.83 725125 12107629.00
2012/12/04 3.84 3.87 3.64 3.86 1328621 21022470.00
2012/12/05 3.80 4.11 3.80 4.01 1839285 30924814.00
2012/12/06 4.01 4.07 3.94 3.95 1013806 17005238.00
2012/12/07 3.94 4.19 3.91 4.16 3198444 54750316.00
2012/12/10 4.09 4.28 4.09 4.24 2440500 43010140.00
2012/12/11 4.24 4.28 4.14 4.20 1742036 30779336.00
2012/12/12 4.20 4.36 4.18 4.26 2574491 46027888.00
2012/12/13 4.26 4.29 4.13 4.15 1752886 30788646.00
2012/12/14 4.13 4.40 4.12 4.38 3729089 67120920.00
2012/12/17 4.38 4.50 4.32 4.38 3338972 61645960.00
2012/12/18 4.36 4.51 4.35 4.40 3080558 57154912.00
2012/12/19 4.41 4.57 4.41 4.54 3394510 63956000.00
2012/12/20 4.51 4.76 4.49 4.76 4795472 92546584.00
2012/12/21 4.67 4.75 4.59 4.61 3651156 71020264.00
2012/12/24 4.62 4.73 4.58 4.62 1923126 37299156.00
2013/01/04 5.10 5.10 4.97 5.10 3930008 83172984.00
2013/01/07 5.11 5.11 4.91 4.96 5138737 106667056.00
2013/01/08 4.95 5.04 4.91 4.98 3432565 71261888.00
2013/01/09 4.97 5.11 4.91 5.04 4445812 92843872.00
2013/01/10 4.98 5.06 4.92 4.96 2545798 52909564.00
2013/01/11 4.95 4.98 4.71 4.73 3406437 68686824.00
2013/01/14 4.73 4.94 4.70 4.92 3040169 61439192.00
2013/01/15 4.92 5.08 4.92 5.03 3746381 78425360.00
2013/01/16 5.00 5.13 4.94 5.04 3943438 83077672.00
2013/01/17 5.09 5.09 4.90 4.90 2162466 44767788.00
2013/01/18 4.90 4.99 4.89 4.95 1669033 34421224.00
2013/01/21 4.96 5.20 4.96 5.16 4082352 86305816.00
2013/01/22 5.10 5.13 4.91 4.95 2922978 61148372.00
2013/01/23 4.91 4.94 4.78 4.86 2105222 42681736.00
2013/01/24 4.82 4.96 4.69 4.72 2638293 53225316.00
2013/01/25 4.69 5.03 4.69 4.95 2951261 60128072.00
2013/01/28 4.88 5.02 4.88 4.99 2298723 47495204.00
2013/01/29 4.99 5.10 4.92 5.06 2844452 59711932.00
2013/01/30 5.09 5.19 5.02 5.14 3770219 80506336.00
2013/01/31 5.09 5.27 5.09 5.16 3577877 77449768.00
2013/02/01 5.15 5.15 5.06 5.09 2309838 49004664.00
2013/02/04 5.13 5.28 5.13 5.27 4676748 102026760.00
2013/02/05 5.25 5.29 5.18 5.20 3125158 68165272.00
2013/02/06 5.20 5.29 5.19 5.21 1926939 41931084.00
2013/02/07 5.22 5.24 5.06 5.10 2283331 48639616.00
2013/02/08 5.14 5.20 5.09 5.16 1695795 36389288.00
2013/02/18 5.21 5.31 5.19 5.27 3163523 69215448.00
2013/02/19 5.29 5.31 5.08 5.13 2339938 50264272.00
2013/02/20 5.14 5.26 5.06 5.23 2401710 51928284.00
2013/02/21 5.15 5.17 4.98 5.02 2677501 56670892.00
2013/02/22 5.03 5.17 5.02 5.07 1932226 41013516.00
2013/02/25 5.07 5.10 4.99 5.03 1418095 29719454.00
2013/02/26 5.00 5.00 4.82 4.82 2611923 53447628.00
2013/02/27 4.84 4.93 4.84 4.89 1137695 23209334.00
2013/02/28 4.90 5.22 4.89 5.16 3790204 80849128.00
2013/03/01 5.19 5.25 5.10 5.19 2762020 59489300.00
2013/03/04 5.13 5.14 4.88 4.94 2308714 48346164.00
2013/03/05 4.95 5.01 4.91 5.00 1972075 40862260.00
2013/03/06 5.01 5.25 5.01 5.21 3041835 64817944.00
2013/03/07 5.15 5.26 5.11 5.18 3315530 71452120.00
2013/03/08 5.16 5.28 5.14 5.20 2517765 54691684.00
2013/03/11 5.18 5.38 5.16 5.31 5553585 122446456.00
2013/03/12 5.29 5.31 4.76 4.76 8409205 173232336.00
2013/03/13 4.68 4.68 4.54 4.58 4334604 83231672.00
2013/03/14 4.64 4.73 4.59 4.61 2541170 49413232.00
2013/03/15 4.64 4.68 4.51 4.58 2152221 41510028.00
2013/03/18 4.51 4.54 4.25 4.36 3043099 55719792.00
2013/03/19 4.36 4.40 4.25 4.38 1821344 33134936.00
2013/03/20 4.39 4.52 4.38 4.51 1884900 35199024.00
2013/03/21 4.50 4.63 4.50 4.56 1817389 34733128.00
2013/03/22 4.56 4.57 4.49 4.52 1389750 26317216.00
2013/03/25 4.50 4.59 4.50 4.58 1166330 22243556.00
2013/03/26 4.58 4.58 4.43 4.50 1676085 31449418.00
2013/03/27 4.49 4.71 4.48 4.59 2604747 49891368.00
2013/03/28 4.54 4.54 4.36 4.36 1773407 32909056.00
2013/03/29 4.34 4.40 4.33 4.33 955812 17440354.00
2013/04/01 4.34 4.46 4.34 4.38 1016370 18735784.00
2013/04/02 4.38 4.45 4.36 4.37 1250161 23149618.00
2013/04/03 4.34 4.40 4.29 4.35 851619 15508368.00
2013/04/08 4.29 4.45 4.25 4.44 1048073 19147174.00
2013/04/09 4.44 4.56 4.42 4.54 1837619 34801600.00
2013/04/10 4.51 4.60 4.48 4.52 1362182 25882528.00
2013/04/11 4.53 4.59 4.50 4.52 1247403 23754560.00
2013/04/12 4.51 4.53 4.38 4.39 954071 17742322.00
2013/04/15 4.32 4.36 4.30 4.31 735746 13333735.00
2013/04/16 4.29 4.46 4.21 4.45 1004017 18359734.00
2013/04/17 4.46 4.53 4.42 4.48 1037471 19473300.00
2013/04/18 4.43 4.53 4.39 4.41 1003751 18720814.00
2013/04/19 4.42 4.59 4.42 4.56 1998900 38086124.00
2013/04/22 4.53 4.67 4.51 4.65 1940495 37313496.00
2013/04/23 4.65 4.65 4.47 4.48 2011436 38276700.00
2013/04/24 4.49 4.66 4.48 4.61 1993624 38387260.00
2013/04/25 4.63 4.68 4.52 4.54 1866074 35978544.00
2013/04/26 4.56 4.60 4.47 4.48 1292924 24507750.00
2013/05/02 4.47 4.60 4.34 4.58 1662492 31230812.00
2013/05/03 4.58 4.93 4.58 4.77 4721104 94528984.00
2013/05/06 4.84 5.04 4.81 4.95 5255812 108073968.00
2013/05/07 4.96 5.03 4.88 4.93 3494756 72145696.00
2013/05/08 4.95 5.09 4.94 5.01 3598281 75279128.00
2013/05/09 5.04 5.35 5.01 5.29 6673857 144617840.00
2013/05/10 5.24 5.44 5.15 5.22 4509674 99123160.00
2013/05/13 5.22 5.22 5.01 5.10 3516694 74776296.00
2013/05/14 5.10 5.14 4.94 5.08 2499905 52463192.00
2013/05/15 5.08 5.16 5.05 5.16 2409648 51331988.00
2013/05/16 5.19 5.69 5.19 5.69 6908906 160635152.00
2013/05/17 5.85 6.17 5.78 6.04 15504174 381643968.00
2013/05/20 5.99 6.43 5.99 6.43 11764346 305481760.00
2013/05/21 6.35 6.44 6.18 6.39 5718159 149223696.00
2013/05/22 6.33 6.34 6.15 6.16 4764268 122412600.00
2013/05/23 6.09 6.33 6.00 6.07 4427338 112776968.00
2013/05/24 6.09 6.29 6.04 6.18 4270256 108326200.00
2013/05/27 6.09 6.24 5.93 6.22 8991893 225888608.00
2013/05/28 6.16 6.19 5.88 6.02 5790407 144581056.00
2013/05/29 6.01 6.58 5.99 6.29 7962382 207189328.00
2013/05/30 6.17 6.24 5.99 6.09 4990914 125734568.00
2013/05/31 6.09 6.16 5.96 6.06 3408758 85426536.00
2013/06/03 6.04 6.04 5.80 5.86 3316834 81302736.00
2013/06/04 5.83 5.98 5.79 5.95 2783122 68000080.00
2013/06/05 5.91 6.23 5.90 6.01 4910192 123298432.00
2013/06/06 5.92 6.26 5.80 6.12 5701860 143755136.00
2013/06/07 6.16 6.39 5.93 6.14 6517079 167180096.00
2013/06/13 5.89 5.90 5.50 5.54 4867772 113559336.00
2013/06/14 5.55 5.68 5.52 5.61 3156988 73487080.00
2013/06/17 5.63 5.77 5.55 5.62 2771276 65071028.00
2013/06/18 5.63 5.63 5.33 5.48 3717421 84505440.00
2013/06/19 5.49 5.65 5.46 5.63 3119063 71979112.00
2013/06/20 5.59 5.61 5.35 5.36 2296400 51923504.00
2013/06/21 5.17 5.32 5.04 5.21 2270504 48788124.00
2013/06/24 5.21 5.22 4.67 4.67 3656629 73879048.00
2013/06/25 4.58 4.71 4.19 4.68 4539641 83546856.00
2013/06/26 4.63 4.86 4.60 4.81 4267085 83707520.00
2013/06/27 4.81 5.04 4.72 4.76 5034770 101626104.00
2013/06/28 4.71 4.84 4.59 4.69 2286114 44482256.00
2013/07/01 4.69 4.91 4.64 4.89 3216937 64033760.00
2013/07/02 4.90 5.14 4.87 5.10 4131030 86027064.00
2013/07/03 5.06 5.20 4.87 5.11 4063928 84570904.00
2013/07/04 5.04 5.63 5.01 5.55 8767097 197595200.00
2013/07/05 5.46 5.53 5.31 5.31 5556492 124356408.00
2013/07/08 5.12 5.25 5.00 5.07 3575670 75633904.00
2013/07/09 5.04 5.14 4.90 5.08 2171299 45140900.00
2013/07/10 5.11 5.43 5.09 5.40 4364376 94799912.00
2013/07/11 5.34 5.76 5.30 5.56 7405270 170101984.00
2013/07/12 5.52 5.64 5.46 5.46 3795779 86434640.00
2013/07/15 5.50 5.63 5.50 5.60 3581443 82328824.00
2013/07/16 5.57 5.84 5.57 5.71 3997786 93928456.00
2013/07/17 5.59 5.69 5.42 5.49 3991590 90618480.00
2013/07/18 5.49 5.69 5.41 5.51 3287429 75261120.00
2013/07/19 5.46 5.56 5.21 5.26 3120041 69170456.00
2013/07/22 5.22 5.41 5.19 5.41 1607271 35297632.00
2013/07/23 5.43 5.61 5.42 5.61 4896284 111435560.00
2013/07/24 5.56 5.70 5.52 5.69 4238203 97744192.00
2013/07/25 5.69 5.95 5.64 5.86 7325794 175410368.00
2013/07/26 5.88 5.90 5.66 5.80 4456584 106133144.00
2013/07/29 5.84 5.97 5.70 5.71 3395606 81598272.00
2013/07/30 5.72 5.84 5.54 5.75 3041211 71670192.00
2013/07/31 5.76 5.80 5.63 5.70 2280559 53637368.00
2013/08/01 5.70 5.88 5.69 5.87 2772440 66174144.00
2013/08/02 5.93 6.14 5.84 6.01 5199692 128461688.00
2013/08/05 6.08 6.19 5.98 6.04 4206270 105314992.00
2013/08/06 6.08 6.13 5.96 6.06 2942459 73175584.00
2013/08/07 6.06 6.09 5.83 5.85 3159290 76982416.00
2013/08/08 5.86 5.96 5.78 5.80 2187946 52761748.00
2013/08/09 5.86 6.03 5.83 5.92 4115092 99990608.00
2013/08/12 5.95 6.20 5.83 6.16 5226276 129414536.00
2013/08/13 6.12 6.45 6.09 6.21 5555199 143255648.00
2013/08/14 6.21 6.22 5.95 6.01 3580647 89079624.00
2013/08/15 5.97 6.02 5.91 5.92 2028832 49525672.00
2013/08/16 5.89 6.04 5.84 5.84 2066942 50417164.00
2013/08/19 5.79 6.02 5.76 6.00 2336637 56615208.00
2013/08/20 5.96 6.03 5.83 5.91 2699779 65722804.00
2013/08/21 5.86 5.96 5.86 5.92 1134320 27538044.00
2013/08/22 5.92 6.08 5.86 6.05 2688904 65972176.00
2013/08/23 6.06 6.16 5.89 6.12 3934644 98180408.00
2013/08/26 6.10 6.27 6.00 6.15 3667540 92715712.00
2013/08/27 6.10 6.24 6.09 6.12 2397439 60628280.00
2013/08/28 6.09 6.12 5.96 6.00 2209738 54643548.00
2013/08/29 6.00 6.05 5.81 5.82 2283179 55322904.00
2013/08/30 5.81 5.91 5.54 5.61 2699003 63389340.00
2013/09/02 5.61 5.68 5.48 5.61 2109771 48408632.00
2013/09/03 5.64 5.75 5.62 5.72 2348840 55117472.00
2013/09/04 5.71 5.71 5.54 5.57 2582054 59517492.00
2013/09/05 5.57 5.66 5.52 5.57 1749591 40251164.00
2013/09/06 5.58 5.80 5.55 5.78 3270804 77036512.00
2013/09/09 5.80 5.84 5.72 5.81 3041096 72412224.00
2013/09/10 5.81 5.86 5.73 5.79 2025189 48293256.00
2013/09/11 5.76 5.96 5.71 5.90 4172266 100035296.00
2013/09/12 5.79 5.89 5.74 5.75 2507003 59810348.00
2013/09/13 5.77 5.84 5.57 5.63 2571438 60174384.00
2013/09/16 5.55 5.68 5.55 5.59 1521953 35096452.00
2013/09/17 5.59 5.63 5.41 5.42 1786191 40395204.00
2013/09/18 5.48 5.51 5.23 5.43 2693844 59191424.00
2013/09/23 5.43 5.60 5.43 5.59 2088054 47584160.00
2013/09/24 5.64 5.73 5.58 5.68 2915836 68032672.00
2013/09/25 5.59 5.76 5.58 5.65 2196229 51249784.00
2013/09/26 5.67 5.73 5.61 5.62 1614746 37640092.00
2013/09/27 5.61 5.69 5.60 5.64 961062 22281026.00
2013/09/30 5.64 5.72 5.64 5.69 1087936 25419058.00
2013/10/08 5.64 5.80 5.59 5.79 2094104 49229232.00
2013/10/09 5.76 5.88 5.74 5.81 2428035 58204680.00
2013/10/10 5.81 5.88 5.67 5.70 2664294 63245536.00
2013/10/11 5.72 5.76 5.61 5.64 3379604 78781536.00
2013/10/14 5.71 5.73 5.55 5.61 2406121 55786908.00
2013/10/15 5.59 5.68 5.54 5.62 2687656 61901136.00
2013/10/16 5.59 5.60 5.36 5.40 2906889 65234552.00
2013/10/17 5.40 5.50 5.40 5.42 1717980 38499560.00
2013/10/18 5.42 5.43 5.29 5.35 2295950 50598060.00
2013/10/21 5.41 5.51 5.35 5.49 2511390 56350116.00
2013/10/22 5.50 5.54 5.43 5.45 2651337 59878084.00
2013/10/23 5.48 5.51 5.32 5.34 1595370 35524932.00
2013/10/24 5.36 5.50 5.28 5.49 2470251 55373340.00
2013/10/25 5.42 5.46 5.33 5.38 1647316 36594948.00
2013/10/28 5.38 5.51 5.31 5.46 1678329 37584196.00
2013/10/29 5.48 5.53 5.03 5.20 2343037 50937000.00
2013/10/30 5.24 5.25 5.09 5.24 1137363 24338218.00
2013/10/31 5.24 5.24 5.08 5.08 1202215 25454148.00
2013/11/01 5.04 5.21 5.03 5.12 777460 16418560.00
2013/11/04 5.13 5.18 5.07 5.12 719417 15186860.00
2013/11/05 5.11 5.20 5.09 5.19 938521 19931488.00
2013/11/06 5.18 5.26 5.15 5.17 1020760 21947120.00
2013/11/07 5.18 5.18 5.02 5.04 1241667 25998348.00
2013/11/08 5.04 5.11 5.02 5.04 714541 14926258.00
2013/11/11 5.02 5.10 5.02 5.08 487670 10205083.00
2013/11/12 5.09 5.16 5.01 5.03 1089337 22802834.00
2013/11/13 5.04 5.07 4.89 4.89 901784 18566922.00
2013/11/14 4.83 4.96 4.82 4.94 971304 19600730.00
2013/11/15 4.96 5.09 4.91 5.04 1361574 28306856.00
2013/11/18 5.08 5.16 5.04 5.15 1361952 28701564.00
2013/11/19 5.16 5.17 5.08 5.14 1249578 26381456.00
2013/11/20 5.17 5.31 5.17 5.27 1993453 43155892.00
2013/11/21 5.26 5.26 5.17 5.26 1110707 23917578.00
2013/11/22 5.28 5.28 5.22 5.26 1197214 25946148.00
2013/11/25 5.26 5.26 5.18 5.18 1154469 24825024.00
2013/11/26 5.18 5.23 5.14 5.20 714361 15311082.00
2013/11/27 5.22 5.39 5.17 5.33 1416143 31000828.00
2013/11/28 5.34 5.58 5.33 5.48 2816048 63575488.00
2013/11/29 5.44 5.53 5.42 5.47 1298808 29205352.00
2013/12/02 5.31 5.42 5.19 5.24 1794130 39044884.00
2013/12/03 5.22 5.55 5.19 5.48 2083035 46171204.00
2013/12/04 5.49 5.74 5.44 5.66 3466312 80345632.00
2013/12/05 5.66 5.75 5.60 5.65 2101583 49081152.00
2013/12/06 5.63 5.75 5.54 5.59 2396882 55726736.00
2013/12/09 5.69 5.69 5.54 5.56 2071079 47769408.00
2013/12/10 5.63 5.88 5.54 5.82 5187592 122414976.00
2013/12/11 5.76 5.79 5.64 5.67 2644325 62144152.00
2013/12/12 5.74 5.83 5.72 5.73 2019484 47950164.00
2013/12/13 5.70 5.77 5.66 5.69 1268783 29759322.00
2013/12/16 5.71 5.72 5.46 5.46 1723245 39412372.00
2013/12/17 5.46 5.51 5.42 5.45 1060092 23845402.00
2013/12/18 5.45 5.58 5.43 5.54 859078 19577418.00
2013/12/19 5.58 5.58 5.44 5.47 801560 18179400.00
2013/12/20 5.45 5.50 5.25 5.29 1163768 25728112.00
2013/12/23 5.29 5.40 5.24 5.39 774692 17025286.00
2013/12/24 5.35 5.44 5.31 5.36 832933 18457678.00
2013/12/25 5.36 5.53 5.36 5.52 1133594 25531506.00
2013/12/26 5.54 5.56 5.41 5.47 707656 15934890.00
2013/12/27 5.47 5.71 5.47 5.70 1851102 42971816.00
2013/12/30 5.69 5.71 5.63 5.68 930058 21676730.00
2013/12/31 5.64 5.74 5.64 5.70 992875 23279862.00
2014/01/02 5.67 5.79 5.59 5.77 1678714 39422060.00
2014/01/03 5.76 5.76 5.62 5.66 966970 22516624.00
2014/01/06 5.66 5.67 5.48 5.50 1241228 28490796.00
2014/01/07 5.50 5.68 5.46 5.68 1130162 26056108.00
2014/01/08 5.69 5.80 5.67 5.79 2164456 51093532.00
2014/01/09 5.79 5.80 5.68 5.69 1503115 35552352.00
2014/01/10 5.66 5.86 5.60 5.74 2656811 63140252.00
2014/01/13 5.76 5.83 5.58 5.63 1909798 44703732.00
2014/01/14 5.57 5.64 5.39 5.52 1684268 37963084.00
2014/01/15 5.52 5.61 5.47 5.58 1912025 43725016.00
2014/01/16 5.59 6.15 5.54 6.04 7711309 190620144.00
2014/01/17 5.95 6.04 5.90 5.99 3705001 90858080.00
2014/01/20 5.94 6.04 5.86 5.91 2562603 62472536.00
2014/01/21 5.93 6.13 5.93 6.04 2857620 70911008.00
2014/01/22 6.05 6.11 6.00 6.08 2798068 69573152.00
2014/01/23 6.07 6.14 6.01 6.03 2392685 59507036.00
2014/01/24 6.01 6.41 6.00 6.11 5161855 131871992.00
2014/01/27 6.06 6.29 6.01 6.13 3352317 84756592.00
2014/01/28 6.17 6.26 6.01 6.06 2214682 55233292.00
2014/01/29 6.13 6.24 6.02 6.23 2428853 61322296.00
2014/01/30 6.26 6.28 6.11 6.12 1293852 32820532.00
2014/02/07 6.09 6.43 6.03 6.40 3708920 96212368.00
2014/02/10 6.44 7.05 6.44 7.05 8813214 249807344.00
2014/02/11 7.34 7.63 6.88 7.30 16123552 480714816.00
2014/02/12 7.26 7.84 7.04 7.36 9712492 296553536.00
2014/02/13 7.31 7.89 7.29 7.47 8986041 279107968.00
2014/02/14 7.38 7.54 7.28 7.53 4129529 125147272.00
2014/02/17 7.61 7.81 7.34 7.55 6562897 201762352.00
2014/02/18 7.54 7.54 7.18 7.26 8519146 252701360.00
2014/02/19 7.21 7.28 7.06 7.22 4622808 135461552.00
2014/02/20 7.20 7.23 6.84 6.91 5136647 146688224.00
2014/02/21 6.91 7.03 6.84 7.00 3240196 92039144.00
2014/02/24 6.99 7.06 6.79 7.05 3031213 86088184.00
2014/02/25 7.06 7.25 6.33 6.53 8474053 238729632.00
2014/02/26 6.44 7.12 6.44 7.04 9242066 260994992.00
2014/02/27 7.04 7.66 7.04 7.24 10000752 300607808.00
2014/02/28 7.09 7.98 7.06 7.98 10754856 333909568.00
2014/03/03 8.41 8.64 7.96 8.34 10680513 363222048.00
2014/03/04 8.14 9.19 8.14 9.02 13065828 475833312.00
2014/03/05 8.89 8.96 8.55 8.78 8339058 295855680.00
2014/03/06 8.60 8.73 8.19 8.56 7256225 249347840.00
2014/03/07 8.44 9.31 8.38 8.64 6465817 231420528.00
2014/03/10 8.34 8.64 8.03 8.09 5596195 188153136.00
2014/06/09 8.09 8.09 7.26 7.32 8974768 275892640.00
2014/06/10 7.32 7.51 7.02 7.46 5034958 149805104.00
2014/06/11 7.36 7.48 7.29 7.47 3024642 91443144.00
2014/06/12 7.46 7.51 7.29 7.30 2775060 83864304.00
2014/06/13 7.28 8.05 7.25 8.05 8425448 268448480.00
2014/06/16 7.96 8.00 7.76 7.77 6403511 205817376.00
2014/06/17 7.77 7.95 7.59 7.60 4424065 140045552.00
2014/06/18 7.59 7.76 7.55 7.59 2864667 89706912.00
2014/06/19 7.58 7.68 7.01 7.25 3136800 94392128.00
2014/06/20 7.29 7.51 7.17 7.43 1867987 56310364.00
2014/06/23 7.46 8.19 7.45 7.90 6392094 204442560.00
2014/06/24 7.98 8.41 7.90 8.15 5500380 182954640.00
2014/06/25 8.14 8.14 7.81 8.03 3248043 105184000.00
2014/06/26 8.00 8.31 7.92 8.25 3642628 121371376.00
2014/06/27 8.44 9.04 8.30 8.80 7470764 265553024.00
2014/06/30 8.77 8.84 8.53 8.84 3985805 140911568.00
2014/07/01 8.82 9.31 8.74 8.84 7071419 261029600.00
2014/07/02 8.88 9.08 8.69 9.04 4020495 145042784.00
2014/07/03 9.06 9.26 8.89 8.96 3867225 142614368.00
2014/07/04 8.97 9.68 8.67 9.10 14285972 266139200.00
2014/07/07 9.10 9.47 9.02 9.12 9902579 184932768.00
2014/07/08 9.03 9.57 8.82 9.55 15382909 289151904.00
2014/07/09 9.38 9.82 9.31 9.35 14216977 276514432.00
2014/07/10 9.45 9.72 9.25 9.45 9290143 177622320.00
2014/07/11 9.34 9.70 9.28 9.53 7224395 139489072.00
2014/07/14 9.60 10.29 9.47 10.10 15815762 316816576.00
2014/07/15 10.03 10.07 9.63 9.82 11683684 233115856.00
2014/07/16 9.63 9.67 8.83 9.25 15610686 294137440.00
2014/07/17 9.10 9.23 8.95 9.11 5275050 97132152.00
2014/07/18 9.09 9.50 9.03 9.28 6965000 131850848.00
2014/07/21 9.27 9.51 9.08 9.25 4220561 79748728.00
2014/07/22 9.25 10.02 9.25 9.81 14400999 284326080.00
2014/07/23 9.83 9.85 9.52 9.64 8263572 161536320.00
2014/07/24 9.63 9.73 9.13 9.45 5974441 113944104.00
2014/07/25 9.52 9.89 9.46 9.72 6913286 136149472.00
2014/07/28 9.69 10.07 9.66 9.91 10654052 213426912.00
2014/07/29 9.92 10.47 9.71 10.27 14490013 297631936.00
2014/07/30 10.17 11.31 10.10 11.14 18489875 403848256.00
2014/07/31 11.03 11.53 10.78 11.13 13600940 306350944.00
2014/08/01 11.06 11.44 10.82 10.88 9457238 212173728.00
2014/08/04 10.88 11.12 10.77 11.05 7195529 159264720.00
2014/08/05 11.05 11.65 10.95 11.45 10211059 234754368.00
2014/08/06 11.45 11.45 11.13 11.35 6949064 158800224.00
2014/08/07 11.37 11.56 11.18 11.19 7868260 180194128.00
2014/08/08 11.19 11.39 10.93 11.33 7742190 174464336.00
2014/08/11 11.18 11.35 11.02 11.27 7577387 171489120.00
2014/08/12 11.22 11.22 10.97 10.99 8204039 183791088.00
2014/08/13 11.02 11.08 10.63 10.81 6797654 149264896.00
2014/08/14 10.83 11.00 10.78 10.78 4650636 102543032.00
2014/08/15 10.76 11.01 10.68 10.94 3912155 86268296.00
2014/08/18 10.94 11.21 10.93 11.17 6375882 143007120.00
2014/08/19 11.17 11.31 11.01 11.16 7044936 158573536.00
2014/08/20 11.16 11.24 11.01 11.02 4199215 94334984.00
2014/08/21 11.01 11.13 10.29 10.69 6556328 142561328.00
2014/08/22 10.67 10.82 10.53 10.79 5484887 118163232.00
2014/08/25 10.98 11.38 10.97 11.01 8531310 192690688.00
2014/08/26 11.01 11.11 10.27 10.45 8895943 190702304.00
2014/08/27 10.44 10.58 10.38 10.45 3627900 76847976.00
2014/08/28 10.45 10.45 10.12 10.21 4300407 89209696.00
2014/08/29 10.21 10.37 10.17 10.32 2210446 45939756.00
2014/09/01 10.32 10.52 10.28 10.44 4040760 85096224.00
2014/09/02 10.33 10.60 10.13 10.56 6800675 143020064.00
2014/09/03 10.55 10.67 10.46 10.63 6382043 136695296.00
2014/09/04 10.64 10.70 10.48 10.49 6640279 141504880.00
2014/09/05 10.50 10.58 10.37 10.43 6587132 139299920.00
2014/09/09 10.43 10.50 10.36 10.49 5420468 114569984.00
2014/09/10 10.43 10.45 10.27 10.30 6291167 131259904.00
2014/09/11 10.30 10.38 10.14 10.18 6357138 132121704.00
2014/09/12 10.17 10.42 10.12 10.41 5140922 106824424.00
2014/09/15 10.41 10.46 10.22 10.29 4738749 98829056.00
2014/09/16 10.29 10.45 9.83 9.87 7757313 160317728.00
2014/09/17 9.84 9.85 8.97 9.32 17082121 320743840.00
2014/09/18 9.23 9.36 9.07 9.32 6914807 129507336.00
2014/09/19 9.33 9.56 9.28 9.47 6122770 117027448.00
2014/09/22 9.47 9.48 9.18 9.25 5006666 94227336.00
2014/09/23 9.25 9.36 9.25 9.32 3718105 70122392.00
2014/09/24 9.32 9.63 9.22 9.53 7050949 134382448.00
2014/09/25 9.48 9.75 9.48 9.74 8841159 172110736.00
2014/09/26 9.65 9.80 9.58 9.63 6002154 117754488.00
2014/09/29 9.64 9.74 9.58 9.66 4987384 97400168.00
2014/09/30 9.71 9.81 9.68 9.76 5246835 103525960.00
2014/10/08 9.81 9.96 9.73 9.94 7037106 140693680.00
2014/10/09 9.99 10.30 9.99 10.27 12311718 253662272.00
2014/10/10 10.27 10.27 10.00 10.05 7018989 143706272.00
2014/10/13 9.99 9.99 9.71 9.84 5296881 105060720.00
2014/10/14 9.81 9.97 9.78 9.89 5234409 104599424.00
2014/10/15 9.90 9.96 9.69 9.94 7240563 144371856.00
2014/10/16 9.87 10.22 9.74 10.04 14987563 304532992.00
2014/10/17 9.98 10.09 9.68 9.99 10389260 209191392.00
2014/10/20 10.03 10.22 9.89 10.20 12967778 265712608.00
2014/10/21 10.19 10.19 9.78 9.78 8850796 178451280.00
2014/10/22 9.77 9.85 9.27 9.35 11023389 211907584.00
2014/10/23 9.28 9.37 8.97 9.03 7120206 131467760.00
2014/10/24 9.03 9.08 8.92 8.96 4318579 78771816.00
2014/10/27 8.85 9.08 8.85 9.04 2776774 50768072.00
2014/10/28 9.04 9.27 9.04 9.26 4190959 78212952.00
2014/10/29 9.31 9.45 9.18 9.39 6953108 131334344.00
2014/10/30 9.39 9.43 9.25 9.29 4716866 89171672.00
2014/10/31 9.26 9.33 9.08 9.19 4278860 79635816.00
2014/11/03 9.19 9.35 9.17 9.31 5171837 96939888.00
2014/11/04 9.31 9.41 9.24 9.38 6308211 119270008.00
2014/11/06 9.37 9.56 9.27 9.50 9197682 176662896.00
2014/11/07 9.48 9.48 9.08 9.11 8999601 168949504.00
2014/11/10 9.11 9.15 8.87 9.00 7098242 128909160.00
2014/11/11 9.01 9.05 8.68 8.74 6590204 117931656.00
2014/11/12 8.74 8.97 8.71 8.92 4101495 73946072.00
2014/11/13 8.91 8.92 8.64 8.75 5880704 104099816.00
2014/11/14 8.78 9.56 8.77 9.26 15933246 298164512.00
2014/11/17 9.26 9.48 9.13 9.28 9929463 187324096.00
2014/11/18 9.30 9.45 9.22 9.30 6574107 124258032.00
2014/11/19 9.27 9.33 9.08 9.18 5055623 94120432.00
2014/11/20 9.19 9.22 9.08 9.09 3896900 72159096.00
2014/11/21 9.07 9.16 9.06 9.13 3574953 66065932.00
2014/11/24 9.25 9.32 9.15 9.26 6405700 119900248.00
2014/11/25 9.28 9.66 9.18 9.63 14365189 276849280.00
2014/11/26 9.64 9.67 9.41 9.48 9178088 176850672.00
2014/11/27 9.51 10.38 9.51 10.13 24746031 499787040.00
2014/11/28 10.03 10.36 9.92 10.10 18443694 378908768.00
2014/12/01 10.12 10.17 9.84 9.93 8721887 175460240.00
2014/12/02 9.88 10.01 9.83 9.92 8758399 175698384.00
2014/12/03 9.88 10.71 9.67 10.32 23984938 496541984.00
2014/12/04 10.31 10.62 10.13 10.32 20142155 420924608.00
2014/12/05 10.32 10.36 9.38 9.78 17583427 352970592.00
2014/12/08 9.67 9.95 9.48 9.55 18011794 350660896.00
2014/12/09 9.47 9.47 8.81 8.83 19879635 369852256.00
2014/12/10 8.78 9.13 8.74 9.12 9217706 167997856.00
2014/12/11 9.13 9.31 9.00 9.24 7583640 140633824.00
2014/12/12 9.23 9.45 9.14 9.38 8667048 163409888.00
2014/12/15 9.33 9.36 9.20 9.31 6761594 127244328.00
2014/12/16 9.30 9.32 9.13 9.17 6729447 125388752.00
2014/12/17 9.15 9.17 8.89 9.10 8263808 150922960.00
2014/12/18 9.08 9.32 8.96 9.00 8961408 165852672.00
2014/12/19 8.93 9.03 8.80 8.91 6644020 119574664.00
2014/12/22 8.83 8.88 8.42 8.45 8191061 143543184.00
2014/12/23 8.46 8.70 8.46 8.54 3952357 68936664.00
2014/12/24 8.56 8.66 8.53 8.62 3235585 56366792.00
2014/12/25 8.65 8.69 8.56 8.65 3371955 58926952.00
2014/12/26 8.68 8.78 8.62 8.68 4676833 82373280.00
2014/12/29 8.67 8.67 8.31 8.34 7133572 122284880.00
2014/12/30 8.32 8.32 7.68 7.83 12931716 207195296.00
2014/12/31 7.68 7.86 7.13 7.42 16721826 253022400.00
2015/01/05 7.38 7.88 7.34 7.87 12438713 193868048.00
2015/01/06 7.82 8.03 7.71 7.97 9341199 150181024.00
2015/01/07 7.97 8.13 7.83 7.90 7992009 129048264.00
2015/01/08 7.90 7.94 7.67 7.78 5565435 88302040.00
2015/01/09 7.83 8.02 7.79 7.83 7202547 115679760.00
2015/01/12 7.83 8.57 7.65 8.17 16349485 269360192.00
2015/01/13 8.28 8.62 8.20 8.60 18816678 324042592.00
2015/01/14 8.58 8.63 8.34 8.36 11310960 194011312.00
2015/01/15 8.36 8.52 8.23 8.28 6610950 111930600.00
2015/01/16 8.27 8.40 8.18 8.36 5327170 89930080.00
2015/01/19 8.20 8.45 7.77 7.98 9096898 150578592.00
2015/01/20 8.00 8.26 8.00 8.22 7675116 127174256.00
2015/01/21 8.22 8.45 8.18 8.40 9744197 165656928.00
2015/01/22 8.41 8.68 8.38 8.68 15147625 263886272.00
2015/01/23 8.75 8.81 8.49 8.50 11758876 205084000.00
2015/01/26 8.53 8.68 8.48 8.65 8311314 144871680.00
2015/01/27 8.73 8.96 8.60 8.96 19221273 342833216.00
2015/01/28 9.15 9.52 8.98 9.25 34660316 650149504.00
2015/01/29 9.13 9.13 8.89 8.93 13266306 241815024.00
2015/01/30 9.01 9.11 8.72 8.74 9165296 164469328.00
2015/02/02 8.65 8.85 8.50 8.76 6323070 111163712.00
2015/02/03 8.80 8.89 8.76 8.89 6199884 111056288.00
2015/02/04 8.90 9.05 8.88 8.89 8314230 150833392.00
2015/02/05 8.98 8.98 8.70 8.72 8913535 159558624.00
2015/02/06 8.76 8.76 8.35 8.38 7064684 122127912.00
2015/02/09 8.30 8.44 8.18 8.20 4647889 78282512.00
2015/02/10 8.20 8.41 8.20 8.37 3140192 53066628.00
2015/02/11 8.48 8.63 8.44 8.59 6028413 104611720.00
2015/02/12 8.57 8.64 8.50 8.61 5136459 89447208.00
2015/02/13 8.66 8.79 8.57 8.77 9889946 174508416.00
2015/02/16 8.77 9.50 8.77 9.32 28743588 533493408.00
2015/02/17 9.47 10.27 9.36 10.27 42966987 859344640.00
2015/02/25 10.61 10.62 9.80 9.88 38322613 781747136.00
2015/02/26 9.87 10.88 9.78 10.66 55509923 1187911680.00
2015/02/27 10.67 10.84 10.38 10.80 35600961 765346176.00
2015/03/02 10.82 11.60 10.78 11.28 48906667 1101156608.00
2015/03/03 10.99 11.46 10.75 10.80 35488417 797416384.00
2015/03/04 10.80 10.97 10.64 10.73 20053341 437066752.00
2015/03/05 10.71 11.82 10.60 11.65 43379773 991829760.00
2015/03/06 11.48 11.53 10.83 10.88 32727238 733561280.00
2015/03/09 10.78 11.02 10.64 10.83 14963221 326743264.00
2015/03/10 10.88 11.18 10.83 10.95 15405069 342186144.00
2015/03/11 10.88 10.97 10.44 10.53 16493140 356230688.00
2015/03/12 10.61 10.89 10.15 10.84 19457531 412283424.00
2015/03/13 10.77 10.97 10.58 10.88 15540522 339567808.00
2015/03/16 10.88 11.21 10.73 11.11 16989844 380000192.00
2015/03/17 11.13 11.63 11.04 11.22 23949202 548585216.00
2015/03/18 11.23 11.68 11.09 11.52 24709921 570463808.00
2015/03/19 11.53 11.92 11.23 11.42 26583298 623003200.00
2015/03/20 11.35 11.52 11.08 11.32 17778925 406228928.00
2015/03/23 11.38 11.67 11.36 11.49 21102184 488751456.00
2015/03/24 11.76 12.60 11.63 12.51 44823525 1098032000.00
2015/03/25 12.29 12.59 12.02 12.38 29179913 725272448.00
2015/03/26 12.25 12.77 11.88 12.09 30638711 757622528.00
2015/03/27 12.07 12.25 11.93 12.14 13567925 330731424.00
2015/03/30 12.12 12.12 11.89 11.97 16105688 389523232.00
2015/03/31 11.99 12.24 11.89 11.98 16277270 396603488.00
2015/04/01 12.25 13.01 12.25 12.63 32760821 837179328.00
2015/04/02 12.92 13.12 12.40 12.86 37924046 983348800.00
2015/04/03 13.10 13.51 12.86 13.20 32801168 873731520.00
2015/04/07 13.23 13.49 12.89 13.22 25946069 689529408.00
2015/04/08 13.22 13.22 12.48 12.58 25100510 647181120.00
2015/04/09 12.67 12.67 11.78 12.19 20489733 502114336.00
2015/04/10 12.08 12.87 11.98 12.77 19534638 500132832.00
2015/04/13 12.72 12.95 12.48 12.83 19469396 500531552.00
2015/04/14 12.78 12.78 12.28 12.46 17508314 442210976.00
2015/04/15 12.42 12.42 11.82 11.82 13415584 327083456.00
2015/04/16 11.68 12.15 11.53 11.91 10800927 259849328.00
2015/04/17 11.94 12.20 11.94 12.07 13213076 321776640.00
2015/04/20 12.07 12.07 11.61 11.71 14959721 358618400.00
2015/04/21 11.66 12.17 11.61 12.15 13727648 332414816.00
2015/04/22 12.35 12.76 12.34 12.62 19907663 507004288.00
2015/04/23 12.74 13.19 12.64 13.06 29122683 758815616.00
2015/04/24 12.77 12.97 12.48 12.62 19078058 488890720.00
2015/04/27 12.75 12.97 12.33 12.51 17373479 443001440.00
2015/04/28 12.51 12.69 11.94 11.98 15221197 377113376.00
2015/04/29 11.85 12.66 11.85 12.64 17545888 442553184.00
2015/04/30 12.65 12.79 12.20 12.22 12718365 319912320.00
2015/05/04 12.25 12.93 12.24 12.85 23475235 602257728.00
2015/05/05 12.71 12.71 12.00 12.15 14921152 373801344.00
2015/05/06 12.17 12.45 11.63 11.83 11457142 281147904.00
2015/05/07 11.85 11.92 11.08 11.12 11605497 268878144.00
2015/05/08 11.40 11.63 11.21 11.60 10677999 245867424.00
2015/05/11 11.72 12.02 11.67 12.00 12143172 292442208.00
2015/05/12 12.08 12.25 11.86 12.13 16989472 414028512.00
2015/05/20 13.28 13.36 12.43 13.35 40220829 1061644096.00
2015/05/21 13.38 14.33 13.10 14.01 38031176 1057130944.00
2015/05/22 14.01 14.01 13.43 13.70 28318968 781374272.00
2015/05/25 13.50 13.97 13.44 13.86 24873426 691789504.00
2015/05/26 13.90 14.54 13.54 14.37 34201710 973883584.00
2015/05/27 14.42 14.42 13.88 14.18 23541493 670836800.00
2015/05/28 14.18 15.30 13.28 13.43 34353943 1002723008.00
2015/05/29 13.58 14.78 12.87 14.78 46462649 1339940480.00
2015/06/01 15.38 15.98 14.91 15.85 45443889 1436152960.00
2015/06/02 15.83 17.02 15.58 16.35 31573063 1033624896.00
2015/06/03 16.03 16.91 15.69 16.08 26875799 879010624.00
2015/06/04 16.13 17.70 15.01 17.70 35290243 1180604032.00
2015/06/05 18.43 19.27 17.87 17.90 41886397 1548506496.00
2015/06/08 17.93 18.11 16.58 17.01 30074186 1030129920.00
2015/06/09 16.68 17.84 16.58 17.17 18726593 650723520.00
2015/06/10 16.93 17.64 16.69 17.23 17637291 610998912.00
2015/06/11 16.99 17.92 16.78 17.48 19305043 675983168.00
2015/06/12 17.63 18.40 17.30 17.73 21665863 778358912.00
2015/06/15 17.68 18.01 16.30 16.53 21708416 746963264.00
2015/06/16 16.24 16.40 15.20 15.43 18736703 594892480.00
2015/06/17 15.45 16.93 15.01 16.93 15446057 485281024.00
2015/06/18 16.44 16.77 15.49 15.73 14359588 471739872.00
2015/06/19 15.23 15.92 14.15 14.50 14420876 435944800.00
2015/06/23 14.59 15.08 13.44 15.04 12550041 367563968.00
2015/06/24 15.20 15.68 14.89 15.25 16194680 497279040.00
2015/06/25 15.25 15.33 13.98 14.26 14379432 427643968.00
2015/06/26 13.93 13.93 12.82 12.82 14074976 375452512.00
2015/06/29 13.27 13.27 11.53 11.53 17481671 426930080.00
2015/06/30 10.69 12.12 10.37 12.03 24289421 550055296.00
2015/07/01 11.88 12.20 10.82 10.82 18881031 446919008.00
2015/07/02 10.75 10.75 9.73 9.73 21609970 437720992.00
2015/07/03 9.11 9.87 8.75 8.75 20900028 380146240.00
2015/07/06 9.63 9.63 7.87 7.87 28437965 489900160.00
2015/07/20 8.66 8.66 8.66 8.66 390300 6818768.00
2015/07/21 9.54 9.54 9.54 9.54 403100 7749177.50
2015/07/22 10.50 10.50 10.50 10.50 2552400 53958752.00
2015/07/23 11.54 11.55 11.23 11.55 30042285 694523520.00
2015/07/24 11.83 12.12 11.43 11.55 54606276 1293052032.00
2015/07/27 11.33 11.77 10.39 10.39 32430592 733827968.00
2015/07/28 9.86 10.73 9.38 10.01 25588300 514925440.00
2015/07/29 10.28 10.70 9.80 10.66 21710038 446152672.00
2015/07/30 10.62 11.18 10.15 10.37 25663849 559626624.00
2015/07/31 10.28 10.85 9.93 10.29 21189680 447617408.00
2015/08/03 10.08 10.12 9.26 9.34 19415845 375140576.00
2015/08/04 9.38 10.28 9.38 10.28 22395491 448986432.00
2015/08/05 10.26 11.08 10.18 10.63 32095084 690919680.00
2015/08/06 10.43 11.70 10.28 11.70 26878015 613312128.00
2015/08/07 12.43 12.85 11.99 12.40 51778179 1285261568.00
2015/08/10 12.40 13.42 12.09 13.04 46376748 1194671104.00
2015/08/11 12.93 14.35 12.87 14.00 57806527 1631264256.00
2015/08/12 13.93 14.16 13.36 13.50 39882040 1098062592.00
2015/08/13 13.43 14.28 13.32 14.11 38492941 1070022848.00
2015/08/14 14.17 14.27 13.37 13.56 28333450 783827648.00
2015/08/17 13.27 14.36 13.13 13.85 26587273 744082944.00
2015/08/18 13.63 13.78 12.46 12.46 28812375 757795840.00
2015/08/19 11.92 12.87 11.20 12.72 28829506 695911872.00
2015/08/20 12.41 12.60 11.58 11.58 18558960 454894560.00
2015/08/21 11.26 11.57 10.44 10.62 23725895 523085696.00
2015/08/24 10.37 10.37 9.55 9.55 17054839 334644544.00
2015/08/25 8.59 9.07 8.59 8.59 20879491 365396288.00
2015/08/26 8.65 9.40 8.28 8.73 34338323 612492608.00
2015/08/27 9.23 9.61 9.12 9.61 44028273 844418752.00
2015/08/28 10.22 10.48 9.80 10.37 48082750 983947008.00
2015/08/31 9.96 10.77 9.82 10.15 37113816 768074816.00
2015/09/01 9.83 9.92 9.13 9.13 24759402 468422624.00
2015/09/02 8.43 9.82 8.42 8.90 27748314 514352064.00
2015/09/07 9.08 9.80 8.87 9.11 27528423 516674144.00
2015/09/08 9.12 10.03 8.94 10.03 26969172 515708512.00
2015/09/09 10.33 11.04 10.33 11.04 45374786 987216064.00
2015/09/10 10.63 11.37 10.43 10.60 37821782 831709760.00
2015/09/11 10.75 11.17 10.53 11.00 29872503 653977664.00
2015/09/14 11.06 11.17 9.90 9.90 27714647 581382656.00
2015/09/15 9.50 9.68 8.90 8.90 28173648 523576096.00
2015/09/16 9.18 9.80 9.06 9.80 32663882 630656768.00
2015/09/17 10.68 10.79 10.52 10.79 20599260 446110816.00
2015/09/18 11.24 11.88 11.08 11.53 74074577 1718348928.00
2015/09/21 11.12 12.58 11.08 12.48 64948741 1529334272.00
2015/09/22 12.28 12.53 11.89 12.00 49956008 1220780928.00
2015/09/23 11.92 13.21 11.89 13.17 70007632 1822553472.00
2015/09/24 13.17 13.18 12.43 12.72 55554184 1421434880.00
2015/09/25 12.58 13.03 11.76 12.42 48185296 1216764288.00
2015/09/28 12.33 13.13 11.78 12.95 41366812 1057881728.00
2015/09/29 12.68 13.87 12.44 12.92 44295019 1174593280.00
2015/09/30 13.24 13.54 12.27 12.52 33099111 851183424.00
2015/10/08 13.05 13.68 12.73 13.38 38723604 1038941184.00
2015/10/09 13.19 13.61 13.00 13.32 38231766 1025618304.00
2015/10/12 13.32 14.62 13.28 13.74 45770839 1281084672.00
2015/10/13 13.43 14.93 13.39 14.76 44477594 1251384960.00
2015/10/14 14.73 14.88 14.13 14.25 41108639 1196689024.00
2015/10/15 14.09 14.81 14.02 14.59 31314625 910165760.00
2015/10/16 15.03 15.93 14.68 14.81 44064115 1343091200.00
2015/10/19 14.68 16.08 14.26 15.68 49157276 1495349248.00
2015/10/20 15.43 15.45 15.03 15.33 28964316 887918528.00
2015/10/21 15.32 15.68 13.79 13.79 43988413 1287542144.00
2015/10/22 13.75 14.48 13.35 14.37 38660756 1088668544.00
2015/10/23 14.78 15.30 14.26 14.85 39862418 1186043904.00
2015/10/26 14.93 15.90 14.47 15.49 43372857 1337010688.00
2015/10/27 14.98 15.36 14.08 15.12 31331230 931231872.00
2015/10/28 14.93 15.92 14.78 15.39 41225385 1283866368.00
2015/10/29 16.43 16.82 15.22 15.61 37366912 1184524544.00
2015/10/30 15.43 17.18 15.33 16.96 60641822 2025793536.00
2015/11/02 16.03 17.64 15.98 16.28 52553185 1770696704.00
2015/11/03 16.08 17.14 15.98 16.53 38542207 1283676032.00
2015/11/04 16.60 18.19 16.37 18.19 42859273 1505722112.00
2015/11/05 18.68 19.85 18.20 18.45 59518361 2265916160.00
2015/11/06 18.25 19.42 18.18 19.11 43114614 1618032128.00
2015/11/09 18.73 21.02 18.63 20.69 45569882 1827589120.00
2015/11/10 20.43 22.77 20.27 22.77 42909249 1863653376.00
2015/11/11 23.83 24.42 22.72 23.38 50761903 2399183872.00
2015/11/12 22.87 24.18 21.97 23.01 48760717 2249669376.00
2015/11/13 22.65 24.93 22.08 22.84 54606455 2559550720.00
2015/11/16 22.18 23.27 22.18 22.79 26876610 1220587904.00
2015/11/17 23.73 24.67 22.82 22.93 41371100 1963650048.00
2015/11/18 23.33 23.68 21.93 22.43 36037395 1646521088.00
2015/11/19 22.73 24.68 21.93 24.68 52619764 2482545920.00
2015/11/20 25.38 27.15 24.59 25.38 65722691 3396573184.00
2015/11/23 24.93 25.83 22.83 23.15 54842651 2649745920.00
2015/11/24 23.51 24.25 23.10 23.84 30023678 1421936256.00
2015/11/25 23.84 24.16 23.43 23.88 23479205 1122413312.00
2015/11/26 23.78 23.78 22.35 22.76 33477602 1538420992.00
2015/11/27 22.43 23.24 21.04 21.48 27298242 1228682240.00
2015/11/30 22.05 23.63 21.43 23.63 35333693 1601132672.00
2015/12/01 23.62 23.62 21.26 21.97 38645217 1740008320.00
2015/12/02 21.67 23.35 20.93 22.58 32484553 1455088000.00
2015/12/03 23.08 24.84 22.98 24.84 59173545 2879584768.00
2015/12/04 24.63 25.10 23.73 24.68 45600826 2235333120.00
2015/12/07 25.25 27.15 24.44 26.62 50853825 2663936256.00
2015/12/08 26.20 29.02 25.94 28.43 50564856 2766105088.00
2015/12/09 28.43 31.28 27.93 31.28 60992270 3768014080.00
2015/12/10 31.42 32.63 30.33 31.53 64389984 4042953472.00
2015/12/11 30.93 32.12 29.68 29.89 41697307 2584349696.00
2015/12/14 29.27 30.06 27.88 29.45 40295767 2338088448.00
2015/12/15 29.27 31.93 29.08 31.30 42420324 2582104832.00
2015/12/16 30.86 31.30 29.95 30.13 33462595 2054411008.00
2015/12/17 30.31 31.50 29.93 30.42 34922572 2142786432.00
2015/12/18 30.33 32.98 30.25 31.42 48297182 3051182848.00
2015/12/21 30.94 31.31 29.43 29.91 33701515 2031049984.00
2015/12/22 29.93 30.18 29.19 30.00 21101781 1257500928.00
2015/12/23 29.97 30.93 29.36 29.65 27767040 1679832192.00
2015/12/24 29.48 30.18 28.69 29.38 20185117 1187599872.00
2015/12/25 29.59 31.42 29.59 30.33 33844574 2069760128.00
2015/12/28 29.93 30.87 29.42 29.50 22442043 1350158976.00
2015/12/29 29.63 32.42 29.33 31.87 44537722 2776779776.00
2015/12/30 31.85 32.17 30.76 31.53 30132370 1893533824.00
2015/12/31 31.54 33.41 31.10 31.39 37033807 2406573056.00
2016/01/04 31.43 31.43 28.25 28.25 30200471 1752339200.00
2016/01/05 25.42 26.68 25.42 25.46 38122597 1966112768.00
2016/01/06 25.78 26.19 23.95 26.18 35820439 1818113792.00
2016/01/07 25.23 25.23 23.55 23.55 7668038 372185280.00
2016/01/08 23.68 23.79 21.19 22.53 35584294 1624747904.00
2016/01/11 21.18 23.12 20.68 21.41 31506958 1400004736.00
2016/01/12 21.98 22.83 21.33 22.34 32635241 1452790912.00
2016/01/13 22.38 22.68 20.95 21.43 30705328 1348833536.00
2016/01/14 20.18 23.58 19.95 23.58 41116419 1846719744.00
2016/01/15 23.03 24.25 22.93 23.09 44490318 2093987072.00
2016/01/18 22.23 23.68 21.99 23.13 33646106 1536338944.00
2016/01/19 23.05 24.17 22.95 24.13 33971573 1612727936.00
2016/01/20 23.87 25.29 23.69 24.31 35473124 1742201984.00
2016/01/21 23.60 24.52 21.87 21.87 39061743 1801455616.00
2016/01/22 21.77 22.50 20.53 21.87 29086828 1264839936.00
2016/01/25 22.18 22.55 21.18 21.56 22166162 978553280.00
2016/01/26 21.18 21.20 19.39 19.39 27220609 1106513536.00
2016/01/27 19.39 19.68 17.45 18.50 30974094 1132673024.00
2016/01/28 18.08 18.37 16.65 16.65 22037829 774732800.00
2016/01/29 16.48 18.32 16.18 18.32 38304037 1359925504.00
2016/02/01 18.42 19.02 17.23 17.93 40137657 1475862400.00
2016/02/02 18.03 19.18 17.74 18.43 28417187 1059807552.00
2016/02/03 18.00 19.72 17.97 19.46 31826812 1200305408.00
2016/02/04 19.60 21.41 19.33 21.41 40750942 1652644608.00
2016/02/05 22.58 22.83 21.23 21.38 42639383 1891569920.00
2016/02/15 20.70 22.82 20.44 22.31 34350324 1492965760.00
2016/02/16 22.23 23.03 21.80 22.74 36529380 1645457920.00
2016/02/17 22.57 22.92 21.95 22.54 27378541 1231116928.00
2016/02/18 22.75 23.54 22.18 22.22 28462981 1304507264.00
2016/02/19 22.23 22.65 21.70 22.23 20936853 931217600.00
2016/02/22 22.48 23.68 22.05 23.35 36309803 1673435392.00
2016/02/23 23.33 23.35 21.78 22.32 33401258 1504295680.00
2016/02/24 21.93 22.48 21.68 22.27 21245286 942689728.00
2016/02/25 22.83 23.08 20.03 20.27 36143522 1581987584.00
2016/02/26 20.50 20.66 18.98 19.86 24346328 979207168.00
2016/02/29 19.67 19.67 17.87 17.87 25472407 927632896.00
2016/03/01 17.88 18.67 17.13 18.44 23987668 865154816.00
2016/03/02 18.33 19.83 18.03 19.41 26272295 996626432.00
2016/03/03 19.18 20.16 19.14 19.28 25960344 1022650688.00
2016/03/04 19.32 19.68 17.68 17.90 23791698 884161408.00
2016/03/07 18.33 18.75 18.08 18.35 15082704 558114624.00
2016/03/08 18.42 19.93 17.13 19.47 34389663 1301673600.00
2016/03/09 18.79 19.70 18.57 18.68 23763210 910658944.00
2016/03/10 18.83 19.53 18.43 18.96 23794380 910807424.00
2016/03/11 18.48 19.00 18.18 18.52 17333503 648170944.00
2016/03/14 19.02 20.35 19.02 19.95 33337289 1328735872.00
2016/03/15 19.78 21.22 19.63 20.10 40624159 1673188736.00
2016/03/16 20.53 21.01 19.85 20.53 34297368 1409570048.00
2016/03/17 20.69 22.59 20.53 22.59 49135617 2139948288.00
2016/03/18 22.56 23.56 22.28 22.92 54555539 2495495168.00
2016/03/21 23.21 23.40 22.46 23.34 40285857 1856474624.00
2016/03/23 22.73 22.83 21.99 22.66 37658090 1694033792.00
2016/03/24 22.28 24.34 21.93 23.21 44371917 2072623872.00
2016/03/25 23.48 23.65 22.36 22.78 31301970 1437264000.00
2016/03/28 23.38 24.83 23.19 23.77 48021748 2304984576.00
2016/03/29 23.48 24.00 22.68 23.23 29626730 1382851712.00
2016/03/30 23.53 25.56 23.53 25.56 47353829 2342231552.00
2016/03/31 26.27 26.60 25.38 25.55 52069827 2704740096.00
2016/04/01 25.41 26.17 24.87 26.12 33615903 1715120384.00
2016/04/05 26.68 27.74 26.26 26.79 38984219 2107243264.00
2016/04/06 26.28 28.92 26.18 28.09 40845419 2235750400.00
2016/04/07 27.93 30.23 27.63 28.93 49529114 2871529984.00
2016/04/08 28.64 29.53 28.34 29.29 38812926 2244869376.00
2016/04/11 30.17 30.17 28.70 29.60 38190568 2257379840.00
2016/04/12 29.08 29.33 26.68 27.32 43856801 2457834752.00
2016/04/13 27.39 28.27 27.35 27.45 31752567 1771773184.00
2016/04/14 27.54 28.22 27.18 27.80 24899215 1383886848.00
2016/04/15 27.71 27.92 26.83 27.67 25654045 1409615744.00
2016/04/18 27.26 29.93 27.20 29.18 47023412 2704305152.00
2016/04/19 28.98 30.28 28.98 29.58 39666310 2358560256.00
2016/04/20 29.68 31.37 28.80 30.50 66499539 4036343552.00
2016/04/21 29.90 30.19 27.58 27.75 46016630 2672189184.00
2016/04/22 27.32 29.88 26.94 29.62 43133273 2456642560.00
2016/04/25 29.28 29.87 27.72 28.84 33907097 1970773376.00
2016/04/26 28.43 30.36 28.38 29.53 40866940 2435348480.00
2016/04/27 29.63 30.98 29.43 29.70 41615051 2525505792.00
2016/04/28 29.83 30.86 28.41 30.43 44242130 2622853632.00
2016/04/29 30.00 31.70 29.97 31.04 47163107 2929605376.00
2016/05/03 31.08 33.58 30.55 33.17 48967829 3159321600.00
2016/05/04 32.97 34.47 32.84 33.26 47759534 3213181184.00
2016/05/05 32.93 34.93 32.83 34.58 41704369 2817142784.00
2016/05/06 34.39 36.32 33.68 33.73 59907930 4197353216.00
2016/05/09 33.42 34.23 31.13 32.96 44332170 2927372800.00
2016/05/10 32.63 32.63 30.30 31.18 35270258 2230512896.00
2016/05/11 31.69 32.56 30.93 31.09 32710314 2084761984.00
2016/05/12 30.43 34.11 30.07 33.82 52649488 3408936448.00
2016/05/13 33.39 35.51 32.94 34.44 55043975 3798378496.00
2016/05/16 34.15 35.70 33.75 35.16 45010552 3145796864.00
2016/05/17 35.08 37.58 34.89 35.16 55038387 3965371648.00
2016/05/18 34.18 34.88 32.53 33.83 41985521 2839433472.00
2016/05/19 33.94 35.72 33.54 35.07 45511509 3179333632.00
2016/05/20 35.37 36.57 33.51 34.33 48576957 3419476992.00
2016/05/23 34.83 35.42 33.53 35.10 37422439 2588874752.00
2016/05/24 34.70 35.10 33.43 34.04 32263463 2217831680.00
2016/05/25 34.12 34.59 32.03 32.50 35070906 2348999680.00
2016/05/26 32.50 32.68 30.83 32.54 30920266 1966446976.00
2016/05/27 32.19 32.82 30.28 30.73 28788984 1814004352.00
2016/05/30 30.09 31.02 30.02 30.57 19090469 1173244032.00
2016/05/31 30.86 32.07 30.69 31.93 25246212 1603223552.00
2016/06/01 31.95 34.17 31.78 32.74 36616790 2425034496.00
2016/06/02 32.50 33.25 32.13 32.54 22813872 1490467584.00
2016/06/03 32.68 33.62 32.44 32.99 26740674 1771336064.00
2016/06/06 33.08 33.43 32.63 33.34 23136292 1531272704.00
2016/06/07 33.43 33.52 32.69 32.93 20724126 1371452672.00
2016/06/08 32.68 36.03 32.58 34.96 49592229 3413371904.00
2016/06/13 34.30 34.77 32.53 32.53 35395946 2395872256.00
2016/06/14 32.17 33.17 31.74 32.08 21602880 1397460224.00
2016/06/15 31.45 35.27 31.44 34.12 38488075 2617606912.00
2016/06/16 34.18 36.11 33.95 34.99 47365818 3333451520.00
2016/06/17 34.78 35.20 33.94 34.60 29164485 2015575808.00
2016/06/20 35.17 35.80 34.43 35.68 36910800 2599493632.00
2016/06/21 36.33 36.69 33.94 34.19 38792096 2752640512.00
2016/06/22 33.68 34.42 33.13 34.42 22079366 1494013952.00
2016/06/23 33.95 34.20 33.28 33.36 19484579 1310557184.00
2016/06/24 33.40 33.99 30.80 32.20 47729606 1565467520.00
2016/06/27 31.80 32.58 31.30 32.45 44200259 1410638080.00
2016/06/28 32.15 32.24 31.36 31.80 36015851 1143705344.00
2016/06/29 32.03 34.90 32.03 34.40 91346126 3086449408.00
2016/06/30 33.95 34.18 32.70 33.45 58505568 1953708160.00
2016/07/01 33.60 34.13 33.22 33.46 42453717 1432607616.00
2016/07/04 32.90 34.65 32.60 34.15 49526732 1680617984.00
2016/07/05 34.30 35.49 33.64 34.67 70563135 2433332736.00
2016/07/06 34.19 35.17 33.85 34.23 51016406 1754595456.00
2016/07/07 34.65 37.65 34.54 37.65 131471917 4761661952.00
2016/07/08 38.55 39.80 37.37 37.39 139207262 5335873536.00
2016/07/12 36.00 36.28 34.00 35.70 88472492 3137308160.00
2016/07/13 36.07 36.69 35.35 35.93 56707502 2041584384.00
2016/07/14 36.00 37.32 35.38 37.07 60180034 2195120896.00
2016/07/15 36.69 39.60 36.53 38.70 85850785 3291422976.00
2016/07/18 38.00 39.78 37.71 38.70 68799967 2676047872.00
2016/07/19 38.51 39.60 37.55 38.31 52995152 2037225728.00
2016/07/20 38.20 38.43 37.58 37.87 33403456 1267911680.00
2016/07/21 37.61 38.98 36.88 38.67 61058274 2320576000.00
2016/07/22 38.20 38.45 36.39 36.63 58218196 2174395648.00
2016/07/25 35.98 35.99 34.30 34.95 48382999 1703868928.00
2016/07/26 35.00 35.88 35.00 35.45 27798891 985163968.00
2016/07/27 35.48 35.95 32.61 34.09 42747052 1467228800.00
2016/07/28 33.60 34.79 33.42 34.34 30832539 1053867264.00
2016/07/29 34.32 34.58 33.33 33.72 23716922 804975104.00
2016/08/01 33.40 33.47 32.15 32.97 26482794 865882880.00
2016/08/02 32.95 33.28 32.51 33.01 18280365 601973504.00
2016/08/03 33.01 33.42 32.76 32.98 18947229 626509504.00
2016/08/04 33.07 34.13 32.46 33.53 35327965 1181853184.00
2016/08/05 33.10 33.32 32.82 32.86 21315827 704149568.00
2016/08/08 32.70 32.75 32.03 32.71 18649112 604284800.00
2016/08/09 32.68 33.30 32.57 33.12 19805822 654566336.00
2016/08/10 33.23 34.19 33.03 33.31 28743486 964027200.00
2016/08/11 33.10 33.19 32.23 32.24 23191296 756252608.00
2016/08/12 32.09 32.64 32.09 32.46 13663764 442620160.00
2016/08/15 32.47 33.50 32.19 33.16 28486278 940575104.00
2016/08/16 33.01 34.38 33.00 34.12 40778555 1385516416.00
2016/08/17 33.90 34.06 33.49 33.67 22607146 762037248.00
2016/08/18 33.67 34.27 33.40 33.46 21438520 723206656.00
2016/08/19 33.65 33.77 33.13 33.68 16435920 550519104.00
2016/08/22 33.80 34.29 33.62 33.82 24307611 825196096.00
2016/08/23 34.04 34.13 32.70 33.20 22575204 751234688.00
2016/08/24 33.09 33.52 33.00 33.25 16360086 544466816.00
2016/08/25 33.25 33.40 32.64 33.08 16738620 552628096.00
2016/08/26 33.24 33.47 32.91 32.95 13558383 449884704.00
2016/08/29 32.85 32.99 32.31 32.48 14079735 458960768.00
2016/08/30 32.41 32.97 32.41 32.52 10121644 330484896.00
2016/08/31 32.57 33.09 32.43 32.92 15491591 508905344.00
2016/09/01 32.80 32.88 32.41 32.43 12016125 391606720.00
2016/09/02 32.45 32.70 31.64 31.80 14798928 475164928.00
2016/09/05 31.85 32.05 31.64 31.68 10035493 319218368.00
2016/09/06 31.73 33.50 31.50 32.94 28807093 937054848.00
2016/09/07 32.90 32.90 32.11 32.22 18107997 589191040.00
2016/09/08 32.38 33.26 32.25 32.81 25338607 833002368.00
2016/09/09 32.90 33.19 32.26 32.32 17990698 587125248.00
2016/09/12 31.35 31.65 30.00 30.45 24086397 744784128.00
2016/09/13 30.46 30.88 29.88 30.12 16760386 504534624.00
2016/09/14 29.99 29.99 28.88 29.14 20982777 611700544.00
2016/09/19 29.15 30.30 29.15 29.83 18617755 556720640.00
2016/09/20 29.82 30.70 29.24 30.20 18956350 568550976.00
2016/09/21 29.96 30.54 29.90 30.00 10125270 305683808.00
2016/09/22 30.22 30.38 29.80 29.84 9708315 291891008.00
2016/09/23 29.89 29.99 29.40 29.41 9720111 287494528.00
2016/09/26 29.12 29.35 27.90 27.93 17485382 500154432.00
2016/09/27 27.90 28.48 27.78 28.20 15289260 431138240.00
2016/09/28 28.22 28.85 28.19 28.46 14304559 407587744.00
2016/09/29 28.42 28.58 28.14 28.18 8710655 246353536.00
2016/09/30 28.11 29.23 28.11 28.83 14062777 404235136.00
2016/10/10 28.90 29.48 28.90 29.41 14169444 415320992.00
2016/10/11 29.49 29.89 29.10 29.32 12611158 371450336.00
2016/10/12 29.23 29.58 28.95 29.32 8293434 242784736.00
2016/10/13 29.25 29.46 29.05 29.16 8667743 253504464.00
2016/10/14 29.21 29.35 28.88 29.17 9284160 270221632.00
2016/10/17 29.21 30.34 29.15 29.84 29817642 892311744.00
2016/10/18 29.70 31.90 29.60 31.63 43737460 1363793792.00
2016/10/19 31.69 31.69 30.85 31.23 26101448 816245376.00
2016/10/20 31.25 32.30 31.00 31.62 30554395 973620992.00
2016/10/21 31.43 31.60 30.51 31.03 20114122 624104000.00
2016/10/24 31.38 31.87 31.30 31.77 4410000 139232592.00
2016/10/25 31.38 31.87 31.21 31.34 17972727 565209536.00
2016/10/26 31.23 31.80 30.71 31.51 20840017 649651520.00
2016/10/27 31.61 32.49 31.40 31.99 29633774 951290112.00
2016/10/28 31.99 32.00 31.41 31.45 16950465 536314368.00
2016/10/31 31.18 32.32 31.02 32.17 26729912 854709824.00
2016/11/01 32.01 32.48 31.72 32.19 21530588 689993600.00
2016/11/02 32.04 32.15 31.41 31.48 20287755 644628288.00
2016/11/03 31.24 31.95 31.16 31.26 16928457 532354592.00
2016/11/04 31.40 31.50 30.52 30.64 18141247 561088256.00
2016/11/07 30.40 31.19 30.30 30.67 11124610 342735808.00
2016/11/08 30.89 31.17 30.50 30.67 9316989 286115264.00
2016/11/09 30.63 30.79 29.60 29.96 17188927 517150304.00
2016/11/10 30.25 30.58 30.06 30.18 12382376 375120128.00
2016/11/11 30.20 31.16 29.80 30.95 24372543 745607808.00
2016/11/14 30.69 30.86 30.35 30.50 15403992 470582528.00
2016/11/15 30.36 30.58 30.17 30.42 9888827 299738784.00
2016/11/16 30.49 30.93 30.49 30.55 13629633 418365280.00
2016/11/17 30.54 30.54 29.94 30.07 11533853 346971776.00
2016/11/18 30.10 30.18 29.78 29.79 10089547 301428800.00
2016/11/21 29.76 29.90 29.45 29.65 9211280 272890720.00
2016/11/22 29.66 30.26 29.61 30.25 15111956 453667040.00
2016/11/23 30.50 30.95 30.15 30.19 18359238 561238976.00
2016/11/24 30.18 30.18 29.66 29.78 11398330 340135232.00
2016/11/25 29.89 30.27 29.00 30.09 15489991 459467936.00
2016/11/28 30.09 30.38 29.70 29.96 12951141 388954400.00
2016/11/29 29.90 30.00 29.40 29.40 10965462 325585504.00
2016/11/30 29.30 29.96 29.21 29.50 8921532 264609792.00
2016/12/01 29.66 29.80 29.30 29.40 7514626 221145040.00
2016/12/02 29.50 29.59 29.01 29.04 9118135 266659952.00
2016/12/05 28.81 29.50 28.68 29.05 7044771 205810384.00
2016/12/06 29.20 30.69 29.04 30.35 21839940 655457600.00
2016/12/07 29.97 30.64 29.90 30.26 17694428 535955264.00
2016/12/08 30.29 30.88 30.06 30.57 22954037 701072064.00
2016/12/09 30.70 31.09 30.21 30.32 18157045 556954752.00
2016/12/12 30.00 30.19 29.00 29.26 21493761 634835840.00
2016/12/13 29.07 29.58 29.01 29.06 10874164 318249216.00
2016/12/14 29.00 29.28 27.74 28.40 17748977 504467264.00
2016/12/15 28.12 28.90 28.10 28.53 10481518 298195648.00
2016/12/16 28.40 28.90 28.36 28.56 8071807 230845344.00
2016/12/19 28.45 28.67 28.04 28.11 7900621 223385744.00
2016/12/20 28.15 28.58 28.07 28.23 7370857 208782032.00
2016/12/21 28.25 28.45 28.11 28.31 6393024 180614080.00
2016/12/22 28.33 28.39 28.08 28.13 5589321 157477904.00
2016/12/23 28.18 28.26 27.17 27.22 10885243 300826880.00
2016/12/26 27.20 27.80 26.36 27.65 12261989 330835456.00
2016/12/27 27.56 27.79 27.13 27.68 6867342 188718192.00
2016/12/28 27.58 27.98 27.36 27.62 8048425 222820368.00
2016/12/29 27.19 27.45 26.85 26.88 7719478 209791744.00
2016/12/30 27.00 27.14 26.43 26.51 6603702 176159392.00
2017/01/03 26.46 26.95 26.46 26.54 6388227 170192112.00
2017/01/04 26.63 28.83 26.53 28.27 28263529 789518464.00
2017/01/05 28.05 28.45 27.91 28.15 14844820 418047072.00
2017/01/06 27.94 28.15 27.31 27.39 13127933 363401984.00
2017/01/09 27.31 28.42 27.21 27.72 18418656 513837120.00
2017/01/10 27.58 27.74 27.18 27.26 10632545 290990688.00
2017/01/11 27.29 27.60 27.04 27.40 8596969 235116112.00
2017/01/12 27.39 27.87 27.23 27.64 12675339 350218656.00
2017/01/13 27.75 27.75 27.03 27.11 8588226 234865088.00
2017/01/16 26.91 27.08 24.40 25.58 13557041 351740640.00
2017/01/17 25.58 25.92 25.10 25.81 8036756 205716912.00
2017/01/18 26.02 26.47 25.67 25.72 7875552 204831504.00
2017/01/19 25.60 26.00 25.25 25.54 6793561 174512448.00
2017/01/20 25.52 26.06 25.52 25.85 8504632 219790864.00
2017/01/23 25.93 26.26 25.85 25.90 6839023 178078912.00
2017/01/24 25.85 26.10 25.79 25.94 5150890 133629968.00
2017/01/25 25.85 26.06 25.73 25.83 5860470 151607920.00
2017/01/26 25.96 26.12 25.84 26.12 6169934 160667504.00
2017/02/03 26.20 26.36 25.80 25.89 4329971 112368952.00
2017/02/06 25.80 26.16 25.70 26.10 6433381 167193344.00
2017/02/07 26.00 26.14 25.53 25.73 9222429 238031728.00
2017/02/08 25.89 26.19 25.79 26.12 10539540 274598144.00
2017/02/09 26.13 27.69 25.98 26.82 18738272 502802464.00
2017/02/10 26.82 27.08 26.40 26.80 12048787 321613696.00
2017/02/13 26.72 27.19 26.65 27.02 10164062 274275872.00
2017/02/14 27.02 27.15 26.81 27.06 7795865 210199024.00
2017/02/15 27.06 27.06 26.33 26.38 10492505 279670400.00
2017/02/16 26.32 26.88 26.28 26.59 9730363 258896448.00
2017/02/17 26.59 26.59 26.11 26.15 8978937 236207392.00
2017/02/20 26.16 26.45 25.98 26.33 7032817 184335664.00
2017/02/21 26.48 26.94 26.38 26.88 14861625 397836896.00
2017/02/22 26.90 28.38 26.74 27.46 28804183 793511552.00
2017/02/23 27.30 29.28 27.20 28.89 46771988 1330971648.00
2017/02/24 28.64 29.10 28.40 28.64 26991916 773904192.00
2017/02/27 28.88 29.50 28.50 28.59 22372677 648490688.00
2017/02/28 28.59 29.22 28.44 28.70 21891871 630585216.00
2017/03/01 28.58 28.78 27.97 28.56 22708674 643153152.00
2017/03/02 28.65 29.48 28.34 29.05 31153059 903930752.00
2017/03/03 28.88 31.96 28.86 31.76 77993687 2419261952.00
2017/03/06 32.07 33.92 32.07 32.86 81962240 2707485440.00
2017/03/07 33.30 34.94 32.66 33.16 61492110 2071957376.00